14.629409,-2931.231934
14.625340,-1671.814331
14.621270,-2017.551880
14.617201,-1772.007813
14.613132,-1663.201904
14.609062,-1601.058228
14.604993,-1578.014160
14.600924,-1892.169678
14.596854,-1536.278442
14.592785,-1846.070435
14.588715,-2087.877441
14.584645,-2066.035156
14.580576,-1728.505127
14.576507,-1832.621460
14.572437,-1478.348511
14.568368,-2212.841064
14.564299,-1806.160889
14.560229,-1930.729614
14.556160,-2061.948730
14.552091,-1781.643188
14.548021,-1956.183472
14.543952,-2072.273193
14.539883,-2253.818359
14.535813,-2401.809082
14.531744,-2197.510498
14.527675,-2028.717041
14.523605,-2112.937744
14.519536,-1777.362671
14.515467,-1526.615479
14.511397,-1736.134766
14.507327,-2038.838013
14.503258,-2053.274658
14.499188,-1746.401733
14.495119,-2129.445557
14.491050,-1956.858887
14.486980,-2074.277344
14.482911,-2150.411377
14.478842,-2058.897705
14.474772,-1786.766235
14.470703,-2021.064575
14.466634,-2113.898193
14.462564,-2178.573975
14.458495,-2051.077881
14.454426,-2069.309326
14.450356,-2026.417969
14.446287,-2083.110352
14.442218,-2213.947998
14.438148,-2075.020996
14.434079,-2030.574219
14.430010,-1774.210083
14.425940,-2044.668091
14.421870,-2119.958008
14.417801,-2161.745850
14.413732,-1934.643799
14.409662,-2130.363525
14.405593,-1972.992798
14.401524,-1918.165771
14.397454,-1948.498657
14.393385,-2150.351318
14.389316,-2292.197021
14.385246,-2252.780762
14.381177,-1767.579346
14.377108,-2147.615723
14.373038,-1895.104736
14.368969,-1948.189453
14.364900,-1746.091675
14.360830,-2143.638672
14.356761,-1794.815552
14.352692,-1862.188232
14.348622,-2271.572266
14.344552,-1922.789917
14.340483,-2177.639404
14.336413,-1946.964722
14.332344,-2249.253418
14.328275,-2297.769531
14.324205,-2468.802979
14.320136,-2205.411377
14.316067,-1850.359863
14.311997,-1978.331909
14.307928,-2270.487793
14.303859,-1962.601807
14.299789,-1676.172974
14.295720,-1856.168823
14.291651,-1949.605591
14.287581,-2047.338257
14.283512,-2152.493164
14.279443,-2205.060547
14.275373,-2041.571411
14.271304,-2319.873047
14.267235,-2251.083740
14.263165,-1996.661133
14.259095,-2404.610107
14.255026,-2403.021973
14.250957,-2228.581299
14.246887,-2353.423828
14.242818,-1849.083130
14.238749,-1905.429688
14.234679,-2189.901855
14.230610,-2172.331055
14.226541,-2098.439209
14.222471,-2350.669922
14.218402,-2348.137695
14.214333,-2605.981445
14.210263,-2271.225342
14.206194,-2040.400879
14.202125,-1941.087646
14.198055,-2549.317871
14.193986,-1940.172485
14.189917,-2141.964355
14.185847,-2182.278809
14.181777,-2545.166992
14.177708,-2130.992676
14.173638,-2450.967529
14.169569,-1890.108032
14.165500,-1896.861694
14.161430,-2307.349609
14.157361,-2202.477051
14.153292,-2478.734375
14.149222,-2585.875244
14.145153,-1822.510254
14.141084,-1981.982544
14.137014,-2112.991699
14.132945,-1956.511475
14.128876,-2139.102295
14.124806,-1983.273804
14.120737,-2107.367188
14.116668,-2035.337280
14.112598,-2357.214844
14.108529,-1889.556519
14.104460,-2186.419434
14.100389,-2045.098633
14.096320,-2370.065918
14.092251,-2427.409668
14.088181,-2404.074463
14.084112,-2031.046143
14.080043,-2168.447510
14.075974,-2116.184814
14.071904,-2337.895264
14.067835,-2263.388672
14.063766,-2412.361328
14.059696,-2136.254150
14.055627,-2263.620361
14.051558,-2059.583008
14.047488,-1963.119263
14.043419,-2166.511719
14.039350,-2116.029053
14.035280,-2668.689697
14.031211,-2472.002197
14.027142,-2044.824829
14.023071,-2134.104492
14.019002,-2148.584717
14.014933,-2633.483643
14.010863,-2258.581543
14.006794,-1917.414185
14.002725,-2302.662354
13.998655,-2286.184570
13.994586,-2233.837646
13.990517,-2253.647461
13.986447,-2322.209961
13.982378,-2351.296631
13.978309,-2143.214111
13.974239,-2178.831787
13.970170,-2408.236084
13.966101,-2076.720947
13.962031,-2180.205811
13.957962,-2550.802002
13.953893,-2063.774170
13.949823,-2490.283203
13.945754,-2006.606323
13.941685,-2139.126953
13.937614,-2142.751709
13.933545,-2235.014648
13.929476,-2387.012939
13.925406,-2243.266602
13.921337,-2417.046143
13.917268,-2246.303223
13.913198,-2239.533447
13.909129,-2356.275635
13.905060,-2194.176514
13.900990,-1718.137329
13.896921,-2056.985596
13.892852,-1868.211792
13.888783,-1777.138794
13.884713,-2266.619873
13.880644,-2454.752930
13.876575,-2238.376953
13.872505,-2313.280762
13.868436,-2054.393311
13.864367,-2405.369873
13.860296,-2132.486084
13.856227,-2194.642578
13.852158,-1944.469971
13.848088,-2542.576172
13.844019,-2479.856445
13.839950,-1769.197632
13.835880,-1902.473267
13.831811,-2362.134766
13.827742,-2447.959717
13.823672,-2489.817139
13.819603,-2456.538330
13.815534,-2034.198364
13.811464,-2175.464600
13.807395,-2555.562500
13.803326,-2452.443848
13.799256,-1860.157959
13.795187,-2265.170410
13.791118,-2308.287842
13.787048,-2447.420410
13.782979,-2039.913086
13.778910,-2158.239014
13.774839,-2340.692383
13.770770,-2014.306030
13.766701,-2485.965332
13.762631,-2600.015381
13.758562,-2246.403809
13.754493,-2391.317627
13.750423,-2632.709717
13.746354,-2352.411133
13.742285,-2404.515137
13.738215,-2246.549561
13.734146,-2339.295166
13.730077,-2542.890869
13.726007,-2606.779541
13.721938,-2214.839600
13.717869,-2370.363281
13.713799,-2062.927979
13.709730,-2418.781982
13.705661,-2310.954102
13.701591,-2467.725586
13.697521,-2240.487793
13.693452,-1848.038330
13.689383,-2529.848145
13.685313,-2340.466064
13.681244,-2154.815186
13.677175,-2355.452148
13.673105,-2489.903809
13.669036,-2731.601563
13.664967,-2355.504883
13.660897,-2582.008789
13.656828,-2630.195068
13.652759,-2269.228760
13.648689,-2320.336914
13.644620,-2450.275635
13.640551,-2502.393555
13.636481,-2323.124268
13.632412,-2435.694092
13.628343,-2407.471191
13.624273,-2269.315186
13.620203,-2613.005371
13.616135,-1939.010620
13.612064,-1681.916382
13.607995,-1900.180176
13.603926,-2239.890137
13.599856,-2206.948975
13.595787,-2397.141846
13.591718,-1941.902832
13.587648,-2370.185791
13.583579,-2582.965576
13.579510,-2334.711426
13.575440,-2358.432129
13.571371,-2261.926514
13.567302,-2271.688721
13.563232,-2085.644531
13.559163,-2439.803955
13.555094,-2191.174561
13.551024,-2124.230957
13.546955,-2143.370361
13.542886,-2385.400391
13.538816,-2041.109497
13.534746,-2524.100342
13.530677,-2309.853271
13.526608,-2167.476318
13.522538,-2338.217529
13.518469,-2749.387451
13.514400,-2368.319580
13.510330,-2112.823730
13.506261,-2233.897461
13.502192,-2203.948486
13.498122,-2518.670898
13.494053,-2483.525879
13.489984,-2426.435059
13.485914,-2476.032471
13.481845,-2253.928955
13.477776,-2311.418945
13.473706,-2228.822998
13.469637,-3138.986328
13.465568,-2308.462646
13.461498,-2293.764648
13.457428,-2704.608643
13.453360,-2352.700928
13.449289,-2350.172607
13.445220,-2750.413086
13.441151,-2524.275635
13.437081,-1904.642700
13.433012,-2167.165283
13.428943,-2348.641846
13.424873,-2292.359131
13.420804,-2572.138672
13.416735,-2390.779297
13.412665,-2463.143311
13.408596,-1992.725830
13.404527,-2124.834229
13.400457,-2543.582275
13.396388,-2421.557129
13.392319,-2382.046631
13.388249,-2361.839600
13.384180,-2149.470947
13.380110,-2661.267090
13.376041,-2805.793945
13.371971,-2134.949219
13.367902,-2590.434814
13.363832,-2477.956543
13.359763,-2476.318115
13.355694,-2391.851807
13.351624,-2458.807373
13.347555,-2410.447021
13.343486,-2571.342041
13.339417,-2455.168213
13.335347,-2538.347168
13.331278,-2479.431885
13.327209,-2351.361816
13.323139,-2130.128906
13.319070,-2604.446533
13.315001,-2198.439697
13.310931,-2035.339478
13.306862,-2499.570068
13.302793,-2217.788330
13.298723,-2872.167480
13.294653,-2305.626221
13.290585,-2462.482666
13.286514,-2157.241455
13.282445,-2186.229248
13.278376,-2470.221680
13.274306,-2315.652100
13.270237,-2435.506104
13.266168,-3063.906250
13.262098,-2571.485352
13.258029,-2468.190918
13.253960,-2487.370361
13.249890,-2119.828857
13.245821,-2306.404785
13.241752,-2539.542725
13.237682,-2215.867920
13.233613,-1749.532104
13.229544,-2400.765137
13.225474,-2472.501953
13.221405,-2141.243652
13.217335,-2686.711914
13.213266,-2644.961182
13.209196,-2077.847900
13.205127,-2184.006836
13.201057,-2484.314453
13.196988,-2189.653076
13.192919,-2316.519287
13.188849,-2629.263672
13.184780,-2281.401611
13.180711,-2257.160889
13.176641,-2216.615479
13.172572,-2658.594727
13.168503,-2669.374512
13.164433,-2628.752930
13.160364,-2592.692139
13.156295,-2344.669434
13.152225,-2012.820923
13.148156,-2610.607666
13.144087,-2364.444580
13.140018,-2539.073975
13.135948,-2307.593262
13.131878,-2825.431641
13.127810,-2353.301514
13.123739,-2414.302002
13.119670,-2598.819580
13.115601,-2647.132568
13.111531,-2235.271729
13.107462,-2085.322021
13.103393,-2641.010254
13.099323,-2308.888672
13.095254,-2479.941650
13.091185,-2628.589600
13.087115,-2206.116455
13.083046,-2440.677734
13.078977,-2568.168213
13.074907,-2366.524658
13.070838,-2479.766602
13.066769,-2700.241943
13.062699,-2257.995605
13.058630,-2511.352783
13.054560,-2506.188232
13.050491,-2067.572754
13.046421,-2538.035156
13.042352,-2437.181641
13.038282,-2392.841309
13.034213,-2585.907471
13.030144,-2656.507080
13.026074,-2617.688721
13.022005,-2177.497070
13.017936,-2761.259277
13.013866,-2297.916504
13.009797,-2365.766846
13.005728,-2414.709473
13.001658,-2619.205566
12.997589,-2060.843262
12.993520,-2603.746338
12.989450,-2567.744385
12.985381,-2770.520752
12.981312,-2612.186768
12.977242,-2660.909180
12.973173,-2519.909180
12.969103,-2655.619385
12.965034,-2252.731934
12.960964,-2528.587402
12.956895,-2786.240234
12.952826,-2387.619385
12.948756,-2518.031738
12.944687,-2576.761719
12.940618,-2076.946777
12.936548,-2242.003174
12.932479,-2605.645752
12.928410,-2852.095703
12.924340,-2670.209961
12.920271,-2352.004639
12.916202,-2414.801270
12.912132,-2534.057129
12.908063,-2211.453369
12.903994,-2636.067139
12.899924,-2494.211670
12.895855,-2547.965088
12.891785,-2806.389893
12.887716,-2575.005371
12.883646,-2354.510254
12.879577,-2220.444092
12.875507,-2314.342773
12.871438,-2258.445313
12.867369,-2565.892578
12.863299,-2096.931641
12.859230,-2366.863770
12.855161,-2158.940918
12.851091,-2236.118896
12.847022,-2510.943604
12.842953,-2644.350586
12.838883,-2011.090942
12.834814,-2681.337646
12.830745,-2439.849121
12.826675,-2398.173340
12.822606,-2331.156738
12.818537,-2470.606445
12.814467,-2362.401367
12.810398,-2572.671387
12.806328,-2549.118652
12.802258,-2288.684570
12.798189,-2453.219482
12.794120,-2391.788574
12.790051,-2171.201416
12.785981,-2224.176025
12.781912,-2551.658447
12.777843,-2251.648926
12.773773,-2391.481689
12.769704,-2254.365723
12.765635,-2930.927734
12.761565,-2543.706543
12.757496,-2996.864990
12.753427,-2542.953613
12.749357,-2405.573975
12.745288,-2563.313477
12.741219,-2707.957031
12.737149,-2246.764160
12.733080,-2530.666992
12.729010,-2590.483398
12.724941,-2633.538818
12.720871,-2173.685303
12.716802,-2521.040527
12.712732,-2792.967041
12.708663,-2506.786621
12.704594,-2213.234619
12.700524,-2351.745117
12.696455,-2587.715576
12.692386,-2473.125977
12.688316,-2407.646240
12.684247,-2269.717041
12.680178,-2453.996338
12.676108,-2710.575439
12.672039,-3082.716309
12.667970,-2688.111816
12.663900,-2720.970215
12.659831,-2469.229736
12.655762,-2647.025146
12.651691,-2574.930176
12.647623,-2165.280029
12.643553,-2326.892578
12.639483,-2461.388184
12.635414,-2035.834961
12.631345,-2658.932129
12.627275,-2424.726318
12.623206,-2649.446289
12.619137,-2853.143311
12.615067,-2407.384033
12.610998,-2709.744873
12.606929,-2732.359131
12.602859,-2467.028564
12.598790,-2385.072510
12.594721,-2335.707031
12.590652,-2604.740723
12.586582,-2488.594238
12.582513,-2052.701904
12.578444,-2628.717285
12.574373,-2370.764893
12.570305,-2494.957275
12.566235,-2606.449463
12.562166,-2219.440186
12.558096,-2122.539795
12.554027,-2340.519043
12.549957,-2512.402588
12.545888,-1934.164551
12.541819,-2391.222900
12.537749,-2393.003174
12.533680,-2243.701172
12.529611,-2290.182861
12.525541,-2511.013672
12.521472,-2474.500488
12.517403,-2526.044678
12.513333,-2332.615723
12.509264,-2699.908936
12.505195,-2321.510986
12.501125,-2726.125244
12.497056,-2556.468018
12.492987,-2206.559570
12.488916,-2395.352783
12.484848,-2208.390869
12.480778,-2403.845215
12.476709,-2346.918213
12.472639,-2671.145996
12.468570,-2264.745361
12.464500,-2352.357666
12.460431,-2440.663086
12.456362,-2162.083984
12.452292,-2605.118408
12.448223,-2691.113770
12.444154,-2466.611572
12.440084,-2215.084961
12.436015,-2827.807861
12.431946,-2575.903564
12.427876,-2747.359619
12.423807,-2604.047363
12.419738,-2701.190186
12.415668,-2387.203613
12.411598,-2719.648682
12.407530,-2426.990479
12.403460,-2086.382080
12.399391,-2632.544189
12.395321,-2406.948242
12.391252,-2393.290039
12.387182,-2369.897461
12.383113,-2717.451172
12.379044,-2388.038574
12.374974,-2325.892090
12.370905,-2408.237305
12.366836,-2402.327148
12.362766,-2828.495117
12.358697,-2542.564209
12.354628,-2489.333496
12.350558,-2735.691406
12.346489,-2324.945557
12.342420,-2736.992920
12.338350,-2545.239014
12.334281,-2269.456055
12.330212,-2574.488037
12.326141,-2572.183350
12.322073,-2236.382324
12.318003,-2345.755127
12.313934,-2745.124512
12.309864,-2126.824951
12.305795,-2945.387451
12.301725,-2511.221436
12.297656,-2688.435303
12.293587,-2312.213623
12.289517,-2591.220215
12.285448,-2796.598633
12.281379,-2506.288330
12.277309,-2537.369873
12.273240,-2503.150635
12.269171,-2692.390137
12.265101,-2570.308105
12.261032,-2447.762695
12.256963,-2298.531006
12.252893,-2646.970459
12.248823,-2912.146973
12.244755,-1940.387207
12.240685,-2435.706055
12.236616,-2188.347656
12.232546,-2658.483398
12.228477,-2607.796387
12.224407,-2561.800049
12.220338,-2611.009277
12.216269,-2418.834717
12.212199,-2877.935791
12.208130,-2775.205322
12.204061,-2431.438965
12.199991,-2588.012451
12.195922,-2792.509033
12.191853,-2691.759033
12.187783,-2372.071777
12.183714,-2990.422852
12.179645,-2623.793701
12.175575,-2721.814697
12.171505,-2659.986328
12.167437,-2442.000488
12.163366,-2582.302002
12.159298,-2554.689209
12.155228,-2606.259766
12.151158,-2778.113037
12.147089,-2876.635254
12.143020,-2406.819092
12.138950,-2196.121826
12.134881,-2692.050537
12.130812,-2450.471680
12.126742,-2589.882080
12.122673,-2719.377197
12.118604,-2623.880615
12.114534,-2741.213623
12.110465,-2455.605225
12.106396,-2556.177734
12.102326,-2551.776611
12.098257,-2453.602539
12.094188,-2410.547363
12.090118,-2386.490479
12.086048,-2569.560791
12.081980,-2669.521973
12.077909,-2513.219727
12.073841,-2603.176025
12.069771,-3022.014893
12.065701,-2621.594238
12.061632,-2563.725342
12.057563,-2595.664307
12.053493,-2554.214355
12.049424,-2733.226807
12.045355,-2796.499756
12.041286,-2468.801514
12.037216,-2475.381348
12.033147,-2282.746094
12.029078,-2828.109375
12.025008,-2433.401123
12.020939,-2539.874023
12.016870,-2668.756104
12.012800,-2269.109131
12.008730,-2356.482178
12.004662,-2398.978271
12.000591,-2351.480713
11.996523,-2693.015869
11.992453,-2482.066406
11.988383,-2431.763672
11.984314,-2451.156982
11.980245,-2452.065674
11.976175,-2931.363037
11.972106,-2704.533447
11.968037,-2631.885986
11.963967,-2384.037354
11.959898,-2461.808350
11.955829,-2231.483643
11.951759,-2539.947021
11.947690,-2678.558350
11.943621,-2493.436523
11.939551,-2381.950928
11.935482,-2672.341797
11.931413,-2584.153564
11.927343,-2479.268799
11.923273,-2087.444092
11.919205,-2686.147705
11.915134,-2712.120361
11.911066,-3009.969482
11.906996,-2482.499512
11.902926,-2523.803711
11.898857,-2611.745361
11.894788,-2638.136475
11.890718,-2651.119873
11.886649,-2398.968994
11.882580,-2404.998291
11.878510,-2184.644775
11.874441,-2587.306641
11.870372,-2432.163086
11.866302,-2598.906982
11.862233,-2376.266357
11.858164,-2814.086182
11.854095,-2596.014160
11.850025,-2649.949463
11.845955,-2212.157959
11.841887,-2872.396973
11.837816,-2777.350342
11.833748,-2578.978516
11.829678,-2510.755859
11.825608,-2718.854492
11.821539,-2254.997314
11.817470,-2769.721436
11.813400,-2502.135254
11.809331,-2737.937988
11.805262,-2560.785645
11.801192,-2615.939453
11.797123,-2928.358643
11.793054,-2727.645996
11.788984,-2798.118652
11.784915,-2489.852783
11.780846,-2600.632324
11.776776,-2778.766357
11.772707,-2596.213623
11.768638,-2566.355957
11.764568,-2104.733398
11.760498,-2983.092773
11.756430,-2782.667969
11.752359,-2062.933105
11.748291,-2697.581299
11.744221,-2532.238037
11.740151,-2487.148193
11.736082,-2366.122070
11.732013,-2708.357422
11.727943,-2459.697021
11.723874,-2545.215820
11.719805,-2562.880127
11.715735,-2501.387695
11.711666,-2416.223389
11.707597,-2783.820801
11.703527,-2598.479980
11.699458,-2539.018799
11.695389,-2842.627686
11.691319,-2022.794067
11.687250,-2705.631592
11.683180,-2559.260254
11.679111,-2283.952881
11.675041,-2152.586670
11.670973,-2869.938477
11.666903,-2415.284424
11.662833,-2672.156250
11.658764,-2947.278564
11.654695,-2222.368652
11.650625,-2291.390137
11.646556,-2582.424805
11.642487,-2655.633545
11.638417,-2344.367920
11.634348,-3183.583984
11.630279,-2757.851807
11.626209,-2515.537842
11.622140,-2574.166992
11.618071,-2357.708496
11.614001,-2554.903320
11.609932,-2576.791016
11.605863,-2799.733398
11.601793,-2354.871582
11.597723,-2465.118896
11.593655,-2429.838867
11.589584,-2934.804688
11.585516,-2347.559570
11.581446,-2017.622192
11.577376,-2666.697998
11.573307,-2350.461670
11.569238,-2416.355469
11.565168,-2714.893311
11.561099,-3067.562256
11.557030,-2463.714600
11.552960,-2365.571289
11.548891,-2463.399658
11.544822,-2146.928711
11.540752,-2834.917725
11.536683,-2055.842285
11.532614,-2697.202637
11.528544,-2457.962891
11.524475,-2352.581787
11.520405,-2489.219971
11.516336,-2153.464111
11.512266,-2623.442383
11.508198,-2103.300781
11.504128,-2590.585938
11.500058,-2285.311279
11.495989,-2754.991699
11.491920,-2290.288330
11.487850,-2259.110840
11.483781,-2591.257813
11.479712,-2620.138672
11.475642,-2824.255127
11.471573,-2693.999512
11.467504,-2735.907959
11.463434,-2549.157959
11.459365,-2876.574951
11.455296,-1976.050171
11.451226,-2648.306641
11.447157,-2853.681152
11.443087,-2379.233643
11.439018,-2428.276367
11.434948,-2358.893311
11.430880,-2413.174072
11.426809,-2726.911865
11.422740,-2583.310547
11.418671,-2265.136475
11.414601,-2378.417236
11.410532,-2731.356201
11.406463,-2360.186768
11.402393,-2234.860352
11.398324,-2442.023682
11.394255,-2593.721680
11.390185,-2660.128662
11.386116,-2470.244873
11.382047,-2446.773926
11.377977,-2537.733154
11.373908,-2542.104980
11.369839,-2220.472900
11.365769,-2895.500000
11.361700,-2571.906982
11.357630,-2308.025635
11.353561,-2603.583496
11.349491,-2526.368408
11.345423,-2334.494873
11.341352,-2947.676514
11.337283,-2025.235229
11.333214,-2589.342529
11.329144,-2488.405029
11.325075,-2381.436035
11.321006,-2690.827393
11.316936,-2950.329346
11.312867,-2277.844971
11.308798,-2563.391113
11.304729,-2232.343262
11.300659,-2739.118164
11.296590,-2806.836670
11.292521,-2856.853027
11.288451,-2066.659180
11.284382,-2427.603516
11.280312,-2457.420410
11.276243,-2611.578613
11.272173,-2839.537354
11.268105,-2365.197266
11.264034,-2281.256592
11.259965,-2049.136475
11.255896,-2636.223389
11.251826,-2655.949463
11.247757,-2801.368652
11.243688,-2640.572021
11.239618,-2621.859375
11.235549,-2528.999268
11.231480,-2316.934814
11.227410,-2677.720947
11.223341,-2285.615723
11.219272,-2679.689941
11.215202,-2804.381348
11.211133,-2101.393799
11.207064,-2866.313232
11.202994,-2360.465332
11.198925,-2750.590332
11.194855,-2432.251953
11.190786,-2340.104248
11.186716,-3029.082764
11.182648,-2304.067627
11.178577,-2634.392334
11.174508,-2313.255615
11.170439,-2415.144043
11.166369,-2675.489258
11.162300,-2219.624756
11.158231,-2482.646729
11.154161,-2660.586426
11.150092,-2409.297363
11.146023,-2470.475830
11.141953,-2511.224365
11.137884,-2680.271484
11.133815,-3167.732422
11.129745,-2186.793213
11.125676,-2514.109863
11.121607,-2698.443115
11.117537,-2724.046143
11.113468,-2492.821777
11.109398,-2443.777588
11.105330,-2108.668945
11.101259,-2653.355713
11.097190,-2661.030518
11.093121,-2654.757324
11.089051,-2228.681396
11.084982,-2620.547119
11.080913,-2558.672607
11.076843,-2349.437012
11.072774,-2257.751465
11.068705,-2309.893311
11.064635,-2844.399902
11.060566,-2643.845215
11.056497,-2718.828857
11.052427,-2491.218750
11.048358,-2508.683105
11.044289,-2360.534668
11.040219,-2551.269775
11.036150,-2553.851318
11.032080,-2297.936768
11.028011,-2565.833984
11.023941,-2511.533447
11.019873,-2634.358643
11.015802,-2807.570068
11.011733,-2473.899658
11.007664,-3083.737549
11.003594,-2748.767578
10.999525,-2455.522461
10.995456,-2617.304199
10.991386,-2121.351318
10.987317,-2691.278809
10.983248,-2743.396973
10.979178,-2397.056152
10.975109,-2525.154053
10.971040,-2892.927734
10.966970,-2634.422363
10.962901,-2623.555664
10.958832,-2766.905029
10.954762,-2345.714600
10.950693,-2761.954346
10.946623,-2681.728760
10.942554,-2721.532959
10.938484,-2609.470215
10.934415,-2703.600342
10.930346,-2591.592773
10.926276,-2801.508545
10.922207,-2626.133301
10.918138,-2264.882813
10.914068,-2907.851074
10.909999,-2211.012939
10.905930,-2558.991211
10.901860,-2870.817139
10.897791,-2618.854248
10.893722,-2292.538574
10.889652,-2635.330566
10.885583,-2336.429932
10.881514,-2329.469727
10.877444,-2683.911865
10.873375,-2460.563721
10.869305,-2702.551514
10.865236,-2728.668701
10.861166,-2836.454102
10.857098,-2553.676025
10.853027,-2682.978271
10.848958,-2456.291504
10.844889,-2604.416504
10.840819,-2275.654785
10.836750,-2596.100830
10.832681,-2455.420654
10.828611,-2469.213135
10.824542,-2448.444336
10.820473,-2183.228271
10.816403,-2962.898438
10.812334,-2353.874023
10.808265,-2633.178223
10.804195,-2556.072510
10.800126,-2542.116699
10.796057,-2618.331543
10.791986,-2892.844971
10.787918,-2532.736084
10.783848,-2699.537842
10.779779,-2675.465576
10.775709,-2806.753418
10.771640,-2405.856689
10.767570,-2363.708008
10.763501,-2551.435547
10.759432,-2822.751953
10.755363,-2733.768311
10.751293,-2830.894043
10.747224,-2820.396729
10.743155,-2733.753174
10.739085,-2874.018555
10.735016,-2159.478271
10.730947,-2440.511719
10.726877,-2245.400879
10.722808,-2619.346680
10.718739,-2933.793213
10.714668,-2792.758301
10.710600,-2571.328125
10.706530,-2854.173828
10.702461,-2607.379150
10.698391,-2639.587646
10.694322,-2623.789063
10.690252,-2378.299316
10.686183,-2323.886475
10.682114,-2402.535400
10.678044,-2719.579834
10.673975,-2652.824707
10.669906,-2868.826172
10.665836,-2826.602539
10.661767,-2659.747803
10.657698,-2681.331787
10.653628,-2772.910400
10.649559,-2014.018555
10.645490,-2881.104736
10.641420,-2259.752441
10.637351,-2827.599121
10.633282,-2703.594971
10.629211,-2776.983643
10.625143,-2472.608887
10.621073,-2320.489014
10.617004,-2752.225586
10.612934,-3001.346436
10.608866,-2699.394775
10.604795,-2964.070801
10.600726,-2468.001221
10.596657,-2911.093018
10.592587,-2442.581787
10.588518,-2442.430664
10.584449,-2920.886963
10.580379,-2666.779541
10.576310,-2349.703369
10.572241,-2561.789307
10.568172,-2811.218994
10.564102,-3067.206543
10.560032,-3026.163818
10.555964,-2873.798828
10.551893,-3247.516602
10.547825,-3411.145508
10.543755,-3955.389648
10.539686,-3205.861572
10.535616,-3204.970215
10.531548,-2596.742920
10.527477,-2722.289063
10.523409,-2586.619629
10.519339,-2354.912354
10.515269,-2607.406006
10.511200,-2906.749023
10.507131,-2736.696045
10.503061,-2888.494385
10.498992,-2368.298584
10.494923,-2434.048096
10.490853,-2405.638428
10.486784,-2587.923096
10.482715,-2728.331787
10.478645,-2517.939697
10.474575,-2458.858643
10.470507,-2594.944580
10.466436,-2748.466797
10.462368,-2353.301514
10.458298,-2584.623779
10.454229,-2944.208740
10.450159,-2619.079834
10.446091,-2646.597656
10.442020,-2986.991699
10.437951,-2632.930908
10.433882,-2809.597168
10.429812,-2400.576172
10.425743,-2749.158691
10.421674,-2625.814453
10.417604,-2882.848633
10.413535,-2752.057617
10.409466,-2470.782959
10.405396,-2191.246094
10.401327,-2797.391602
10.397257,-2660.951660
10.393188,-2548.281006
10.389118,-2458.440918
10.385050,-2518.132813
10.380980,-2481.461182
10.376911,-2506.262939
10.372841,-2271.579102
10.368773,-2849.184082
10.364702,-2653.492920
10.360633,-2855.195557
10.356564,-2455.943359
10.352494,-2999.506592
10.348425,-2572.795654
10.344356,-2697.134033
10.340286,-2666.726563
10.336217,-2468.362793
10.332148,-2205.581055
10.328078,-3110.240479
10.324009,-2773.251709
10.319939,-2433.552734
10.315870,-2228.281982
10.311800,-2838.192139
10.307732,-2535.612305
10.303661,-2430.645752
10.299593,-2638.653809
10.295523,-2918.587158
10.291454,-2844.446289
10.287384,-2759.753418
10.283316,-2608.721924
10.279245,-2678.463379
10.275176,-2186.253662
10.271107,-3064.500000
10.267037,-2507.118652
10.262968,-2999.632568
10.258899,-2332.500488
10.254829,-2186.505615
10.250760,-2288.288818
10.246691,-2649.024170
10.242621,-2476.253906
10.238552,-2744.502930
10.234482,-2416.343750
10.230413,-2908.369385
10.226343,-2483.019775
10.222275,-2497.345459
10.218204,-2799.516357
10.214136,-2781.680420
10.210066,-2539.589355
10.205997,-2444.146240
10.201927,-2109.782959
10.197858,-2976.117188
10.193789,-2700.400146
10.189719,-2986.560791
10.185650,-2060.142090
10.181581,-2224.770996
10.177511,-2913.108887
10.173442,-2701.418213
10.169373,-2745.673828
10.165303,-2651.494873
10.161234,-2611.915527
10.157164,-2755.681885
10.153095,-2278.152344
10.149025,-2483.353271
10.144957,-2548.463135
10.140886,-2283.846191
10.136818,-2617.460938
10.132748,-2755.198730
10.128679,-2675.337891
10.124609,-2229.503174
10.120541,-2732.180176
10.116470,-2406.248291
10.112401,-2450.265625
10.108332,-2258.982666
10.104262,-2698.428467
10.100193,-2769.761719
10.096124,-2523.759766
10.092054,-2528.753906
10.087985,-2321.708008
10.083916,-2884.115479
10.079846,-2566.166748
10.075777,-2742.522949
10.071707,-2685.824951
10.067638,-2540.635986
10.063568,-2487.046631
10.059500,-2352.228516
10.055429,-2586.494385
10.051361,-2648.975342
10.047291,-2638.405518
10.043222,-2363.258057
10.039152,-2377.960938
10.035083,-2519.408447
10.031013,-2561.433838
10.026944,-2609.449219
10.022875,-3020.710693
10.018806,-2438.904785
10.014736,-2441.098877
10.010667,-2803.467041
10.006598,-2580.962402
10.002528,-2638.277588
9.998459,-2690.111084
9.994389,-2603.005859
9.990320,-2480.903076
9.986250,-2452.755615
9.982182,-2639.108398
9.978111,-2375.292480
9.974043,-2410.660645
9.969973,-2583.207275
9.965904,-2695.927734
9.961834,-2546.909668
9.957766,-2751.658447
9.953695,-2830.494385
9.949626,-2657.324219
9.945557,-2594.479736
9.941487,-2714.019775
9.937418,-2516.334717
9.933349,-2501.563721
9.929279,-2703.623047
9.925210,-2272.945801
9.921141,-2672.027344
9.917071,-2451.957520
9.913002,-2785.906250
9.908932,-2642.887451
9.904863,-2660.949219
9.900793,-2949.612549
9.896725,-2803.025879
9.892654,-2595.643066
9.888586,-2618.687744
9.884516,-3029.003662
9.880447,-2829.200439
9.876377,-3023.844727
9.872308,-2423.116455
9.868238,-2764.402832
9.864169,-2466.560547
9.860100,-2739.302734
9.856030,-2824.428955
9.851961,-2976.964111
9.847892,-2769.286621
9.843822,-2812.769775
9.839753,-2576.739746
9.835684,-2735.843994
9.831614,-2292.173584
9.827545,-2600.241943
9.823475,-2539.899170
9.819407,-2875.805420
9.815336,-2529.228516
9.811268,-2246.584473
9.807198,-2770.163574
9.803129,-2498.801514
9.799059,-2566.651123
9.794991,-2735.282715
9.790920,-2931.815674
9.786851,-2929.641846
9.782782,-2819.493896
9.778712,-2672.392822
9.774643,-2614.576416
9.770574,-2804.927002
9.766504,-2908.960205
9.762435,-2482.233398
9.758366,-2556.802002
9.754295,-2692.199707
9.750227,-2769.209961
9.746157,-3007.489258
9.742088,-2940.224854
9.738018,-2620.949219
9.733950,-3083.322266
9.729879,-2801.702148
9.725811,-2569.846436
9.721741,-2735.865234
9.717672,-2383.948486
9.713602,-2734.571045
9.709533,-2691.842285
9.705463,-2483.789307
9.701394,-2656.510254
9.697325,-2540.927734
9.693255,-2417.912354
9.689186,-2618.131592
9.685117,-2785.856689
9.681047,-2615.080322
9.676978,-2926.351807
9.672909,-2687.605469
9.668839,-2779.697266
9.664770,-2615.835449
9.660700,-2618.678711
9.656631,-2540.523926
9.652561,-2713.690918
9.648493,-2816.882568
9.644423,-2595.926514
9.640354,-2602.278564
9.636284,-2444.642822
9.632215,-2636.954346
9.628145,-2620.923828
9.624076,-2447.830322
9.620007,-2703.394531
9.615937,-2582.005859
9.611868,-2697.336670
9.607799,-2578.653320
9.603729,-2338.500000
9.599660,-2439.520508
9.595591,-2406.260010
9.591520,-2491.996582
9.587452,-2451.610352
9.583382,-2729.950928
9.579313,-2440.392334
9.575243,-2784.026123
9.571175,-2139.121826
9.567104,-2660.813721
9.563036,-2725.993408
9.558966,-2527.022461
9.554897,-2348.205566
9.550827,-2736.006836
9.546758,-2543.272461
9.542688,-2648.572021
9.538619,-2456.091064
9.534550,-3015.000732
9.530480,-2521.662109
9.526411,-2633.500000
9.522342,-2914.618408
9.518272,-2386.351563
9.514203,-2774.860107
9.510134,-2447.867432
9.506063,-2339.133301
9.501995,-2696.103760
9.497925,-2346.900635
9.493856,-2668.686279
9.489786,-2683.487793
9.485718,-2524.620850
9.481647,-2691.973145
9.477579,-2930.450928
9.473509,-2682.591309
9.469440,-3039.891357
9.465370,-2768.085205
9.461301,-2805.530273
9.457232,-2560.757813
9.453162,-2257.577637
9.449093,-2470.378174
9.445024,-3112.514160
9.440954,-2705.858643
9.436885,-2535.044189
9.432816,-2690.802002
9.428745,-2312.869141
9.424677,-2956.338867
9.420607,-2570.020752
9.416538,-2602.717529
9.412468,-2782.721436
9.408400,-2605.291016
9.404329,-2680.179688
9.400261,-2716.349365
9.396191,-2691.288086
9.392122,-2636.656250
9.388052,-2889.667725
9.383983,-2801.075439
9.379913,-2613.265869
9.375844,-2865.073486
9.371775,-2593.502197
9.367705,-2319.663574
9.363636,-2771.738281
9.359567,-2504.219238
9.355497,-2716.748291
9.351428,-2468.308838
9.347359,-2435.471191
9.343288,-2603.940918
9.339220,-2520.977539
9.335150,-2656.824951
9.331081,-2620.053711
9.327011,-2824.901123
9.322943,-2466.280518
9.318872,-2569.683594
9.314804,-2709.939453
9.310734,-2647.573975
9.306664,-2620.671875
9.302595,-2484.218994
9.298526,-2768.804443
9.294456,-2590.137695
9.290387,-3188.829102
9.286318,-2292.791992
9.282248,-2635.364502
9.278179,-2951.951660
9.274110,-2376.873535
9.270041,-2486.410156
9.265970,-2403.645996
9.261902,-2731.114502
9.257832,-2658.411133
9.253763,-2448.750000
9.249693,-2607.025146
9.245625,-2500.470459
9.241554,-2515.883789
9.237486,-2853.635254
9.233416,-2356.161621
9.229347,-2868.950684
9.225277,-2795.272949
9.221208,-2689.975586
9.217138,-2876.087646
9.213069,-2485.900391
9.209000,-2853.669678
9.204930,-2887.351318
9.200861,-3176.653809
9.196792,-2816.253906
9.192722,-2476.266846
9.188653,-2061.112305
9.184584,-2472.879639
9.180513,-2976.033936
9.176445,-2923.879883
9.172375,-2634.619873
9.168306,-2602.694092
9.164236,-2199.505615
9.160168,-2771.510498
9.156097,-2737.972900
9.152029,-2466.613525
9.147959,-2602.655273
9.143889,-2574.358154
9.139820,-2362.239258
9.135751,-2336.199219
9.131681,-2220.531006
9.127612,-2834.707520
9.123543,-2920.316406
9.119473,-2658.717285
9.115404,-3150.623535
9.111335,-2698.972412
9.107265,-2682.167725
9.103195,-2193.424316
9.099127,-2342.890625
9.095057,-2952.062744
9.090988,-2334.214111
9.086918,-2689.365723
9.082850,-2885.447754
9.078779,-2706.491211
9.074711,-2597.283691
9.070641,-2647.941650
9.066571,-2803.583496
9.062502,-2579.355469
9.058433,-2741.971924
9.054363,-2874.004150
9.050294,-2804.680176
9.046225,-2530.868652
9.042155,-3174.452393
9.038086,-1952.852173
9.034017,-2449.842529
9.029947,-2631.943604
9.025877,-2552.615723
9.021809,-2577.565918
9.017738,-2658.087402
9.013670,-2554.040283
9.009600,-2931.971924
9.005531,-2722.513916
9.001461,-2898.479248
8.997393,-2856.096680
8.993322,-2787.399170
8.989254,-2989.854980
8.985184,-2749.004883
8.981114,-2697.623535
8.977045,-2846.280762
8.972976,-2473.850342
8.968906,-2846.647949
8.964837,-2514.681641
8.960768,-2879.930908
8.956698,-2658.453613
8.952629,-2303.079346
8.948560,-2751.217773
8.944490,-2307.671631
8.940420,-2661.122070
8.936352,-2550.568604
8.932281,-2469.411865
8.928213,-2843.503418
8.924143,-2777.976563
8.920074,-2997.755371
8.916004,-2811.451172
8.911936,-2323.449951
8.907866,-2736.965820
8.903796,-2698.580322
8.899727,-2500.487549
8.895658,-2756.451172
8.891588,-2907.145508
8.887519,-2851.877197
8.883450,-2632.410645
8.879380,-2479.689453
8.875311,-2760.314697
8.871242,-2632.130859
8.867172,-2825.754883
8.863102,-2373.911377
8.859034,-2582.887451
8.854963,-2681.154053
8.850895,-2506.714111
8.846825,-2607.136719
8.842756,-2419.142578
8.838686,-2794.819092
8.834618,-2522.926025
8.830547,-2584.414307
8.826479,-2843.182861
8.822409,-2985.733643
8.818339,-2680.090820
8.814270,-2260.926758
8.810201,-2588.664063
8.806131,-2633.002197
8.802062,-2751.015625
8.797993,-2716.572998
8.793923,-2973.518799
8.789854,-2883.425537
8.785785,-2663.658203
8.781715,-2923.166992
8.777645,-2309.828125
8.773577,-2924.289063
8.769506,-2882.579590
8.765438,-3032.366943
8.761368,-2580.389648
8.757299,-2567.150146
8.753229,-2719.856201
8.749161,-2722.390381
8.745090,-2696.201172
8.741021,-2487.965820
8.736952,-2913.868164
8.732882,-2534.842773
8.728813,-2255.979736
8.724744,-2402.430420
8.720675,-2974.351074
8.716605,-2817.466064
8.712536,-2576.361816
8.708467,-2748.065186
8.704397,-2680.793945
8.700327,-2681.116943
8.696259,-2678.610352
8.692188,-3093.313965
8.688120,-2965.971924
8.684050,-2688.111328
8.679981,-2749.508545
8.675911,-2438.960938
8.671843,-2791.565674
8.667772,-2925.369141
8.663704,-2586.402832
8.659634,-2519.329834
8.655564,-3133.586182
8.651495,-2761.685303
8.647426,-2624.113281
8.643356,-2687.470703
8.639287,-2865.714111
8.635218,-2944.575684
8.631148,-2855.783447
8.627079,-2929.280029
8.623010,-2757.594727
8.618940,-2579.291992
8.614870,-2602.086182
8.610802,-2550.645264
8.606731,-2762.358154
8.602663,-3051.453125
8.598593,-3114.539307
8.594524,-2626.561035
8.590454,-2742.286377
8.586386,-2577.106934
8.582315,-2614.059326
8.578246,-2794.014648
8.574177,-2631.001709
8.570107,-2722.466064
8.566038,-2822.520752
8.561969,-2684.054688
8.557899,-2535.748047
8.553830,-2921.371338
8.549761,-2609.281982
8.545691,-3015.900146
8.541622,-2238.469727
8.537552,-2856.865234
8.533484,-2573.912598
8.529413,-2748.136230
8.525345,-2632.992188
8.521275,-2689.404053
8.517206,-2720.396240
8.513136,-2801.602539
8.509068,-2777.866699
8.504997,-2608.739746
8.500929,-2652.635498
8.496859,-2549.506592
8.492789,-2481.718262
8.488720,-2906.268311
8.484651,-2806.266113
8.480581,-2783.666504
8.476512,-2465.885986
8.472443,-2573.599609
8.468373,-2967.250244
8.464304,-2476.908691
8.460235,-2900.576660
8.456165,-2575.817383
8.452095,-2759.041504
8.448027,-2565.178711
8.443956,-2925.789551
8.439888,-2319.707031
8.435818,-2836.774170
8.431749,-2822.193848
8.427679,-2855.041016
8.423611,-2786.795654
8.419540,-2608.052490
8.415471,-2168.263672
8.411402,-2938.041992
8.407332,-2615.586914
8.403263,-2445.743408
8.399194,-2550.385986
8.395124,-2686.489258
8.391055,-2811.460449
8.386986,-2666.246826
8.382916,-2727.552490
8.378847,-2503.054932
8.374777,-2334.346191
8.370708,-2672.509766
8.366638,-2787.456055
8.362570,-3122.457520
8.358500,-2938.140625
8.354431,-2870.802490
8.350361,-2825.382813
8.346292,-2478.716309
8.342222,-2734.800781
8.338153,-2540.913574
8.334084,-2529.238770
8.330014,-2793.129150
8.325945,-2416.229004
8.321876,-2814.500488
8.317806,-2469.480957
8.313737,-2242.307129
8.309668,-2731.247559
8.305598,-2935.953125
8.301529,-2398.468018
8.297459,-2587.412109
8.293390,-2756.057129
8.289320,-2986.187988
8.285252,-2522.399902
8.281181,-2730.935303
8.277113,-2972.312500
8.273043,-2576.001709
8.268974,-2366.377197
8.264904,-2863.536865
8.260836,-2699.769287
8.256765,-2603.673340
8.252696,-2821.730957
8.248627,-2597.449707
8.244557,-2676.126465
8.240488,-2774.196533
8.236419,-2896.306885
8.232349,-2830.919189
8.228280,-2795.028809
8.224211,-2695.786621
8.220141,-2740.681641
8.216072,-2358.390381
8.212002,-2581.002197
8.207933,-2835.032471
8.203863,-2677.057861
8.199795,-2953.351563
8.195724,-2551.384033
8.191656,-2646.750244
8.187586,-2885.224609
8.183517,-2838.905273
8.179447,-2669.585449
8.175378,-2516.809326
8.171309,-2793.874756
8.167239,-2893.589355
8.163170,-2610.768799
8.159101,-2624.534912
8.155031,-2495.965088
8.150962,-2504.306885
8.146893,-2948.288818
8.142823,-2909.704346
8.138754,-2176.926758
8.134684,-2599.993408
8.130615,-2885.734619
8.126545,-2968.786865
8.122477,-2748.445313
8.118406,-3029.693848
8.114338,-3133.305420
8.110268,-2372.495850
8.106199,-2813.872070
8.102129,-2451.804932
8.098061,-2295.927734
8.093990,-2394.575195
8.089921,-2789.706055
8.085852,-2439.012695
8.081782,-2556.153320
8.077713,-2589.248047
8.073644,-2801.410156
8.069574,-2384.436035
8.065505,-2847.230957
8.061436,-2359.929443
8.057366,-2995.587891
8.053297,-2465.050537
8.049227,-2782.772705
8.045158,-2786.878906
8.041088,-2570.604736
8.037020,-2338.157471
8.032949,-2664.216797
8.028881,-2220.678711
8.024811,-2565.750732
8.020742,-2328.089844
8.016672,-2600.960449
8.012603,-2437.867188
8.008533,-2477.030273
8.004464,-2735.857666
8.000395,-2802.674561
7.996325,-2825.779541
7.992256,-2550.943115
7.988187,-2969.250488
7.984118,-2638.761963
7.980048,-2663.461182
7.975979,-2824.491943
7.971909,-3009.463867
7.967840,-2685.416260
7.963770,-2559.943604
7.959701,-3006.282715
7.955632,-3081.298584
7.951562,-2829.248291
7.947493,-2566.410400
7.943424,-2694.730713
7.939354,-2671.595947
7.935285,-2926.775391
7.931215,-2705.727539
7.927146,-2672.710693
7.923077,-2812.701416
7.919007,-2760.710938
7.914938,-2694.429443
7.910869,-2437.714111
7.906799,-2678.067871
7.902730,-2363.660645
7.898661,-3053.612549
7.894591,-2513.171875
7.890522,-2431.363281
7.886452,-2595.892334
7.882383,-2527.249512
7.878314,-2335.179932
7.874244,-3032.444580
7.870175,-2193.711670
7.866106,-2420.307617
7.862036,-2704.900635
7.857967,-2662.046875
7.853898,-3134.585938
7.849828,-2308.462646
7.845758,-2985.866699
7.841689,-3217.782715
7.837620,-2738.671631
7.833550,-3019.036377
7.829481,-2624.095703
7.825412,-2445.028320
7.821342,-2764.379395
7.817273,-3011.678223
7.813204,-2612.734131
7.809134,-2833.911621
7.805065,-2485.449707
7.800995,-3324.224609
7.796926,-2326.988525
7.792857,-2469.800537
7.788787,-1951.881470
7.784718,-2804.937500
7.780649,-2354.750977
7.776579,-2428.107666
7.772510,-2475.104248
7.768440,-2713.227051
7.764371,-2888.856201
7.760302,-2557.429199
7.756232,-2910.829102
7.752163,-2476.161621
7.748094,-2851.559570
7.744024,-2581.084961
7.739955,-2618.930908
7.735886,-2692.454834
7.731816,-2877.029785
7.727746,-2855.436523
7.723677,-2678.632080
7.719608,-2585.233154
7.715539,-2857.030029
7.711469,-2414.478271
7.707400,-2826.602051
7.703331,-2413.888916
7.699261,-2966.809082
7.695192,-2682.328857
7.691123,-2790.143799
7.687053,-2751.425537
7.682983,-3174.332031
7.678914,-2353.344238
7.674845,-2696.410400
7.670775,-2759.457275
7.666706,-2221.804443
7.662637,-2842.355469
7.658567,-2757.180420
7.654498,-2658.578125
7.650428,-2748.706543
7.646359,-2598.564209
7.642290,-2290.214844
7.638220,-2584.346924
7.634151,-2720.874756
7.630082,-2645.086914
7.626012,-2757.282471
7.621943,-2794.666260
7.617874,-2561.721924
7.613804,-2987.985596
7.609735,-2442.236328
7.605665,-2906.786377
7.601596,-2737.730225
7.597527,-2850.491943
7.593457,-2530.984863
7.589388,-2777.974121
7.585319,-2449.529053
7.581249,-2739.977295
7.577180,-2633.040771
7.573111,-2601.852783
7.569041,-2634.508545
7.564971,-2726.242676
7.560902,-2778.566895
7.556833,-2681.858887
7.552763,-2616.441162
7.548694,-2674.259766
7.544625,-2803.270020
7.540555,-2885.347656
7.536486,-2654.106934
7.532417,-2916.477783
7.528347,-2982.131836
7.524278,-2800.156738
7.520208,-3241.166016
7.516139,-2849.518555
7.512070,-2842.999023
7.508000,-2850.489014
7.503931,-2826.205078
7.499862,-3019.008545
7.495792,-3067.644531
7.491723,-2711.591797
7.487653,-2751.057373
7.483584,-3003.056885
7.479515,-2765.327881
7.475445,-2836.054443
7.471376,-2750.538330
7.467307,-2858.574219
7.463237,-2588.252197
7.459168,-2560.929199
7.455099,-2716.312500
7.451029,-2706.568115
7.446959,-2543.288086
7.442890,-2966.121826
7.438821,-2777.430420
7.434752,-2707.697998
7.430682,-2960.316162
7.426613,-2756.745850
7.422544,-2749.762695
7.418474,-2648.683105
7.414405,-2999.373291
7.410336,-2573.746338
7.406266,-2469.355225
7.402196,-2450.077881
7.398127,-2757.051758
7.394058,-2582.609131
7.389988,-2549.811523
7.385919,-2494.704590
7.381850,-2660.102051
7.377780,-2667.707764
7.373711,-2099.351563
7.369642,-2381.572754
7.365572,-2584.595703
7.361503,-2438.625000
7.357433,-1716.017212
7.353364,-585.860474
7.349295,915.500122
7.345225,-1565.159668
7.341156,-1756.112793
7.337087,-2131.826172
7.333017,-2135.443604
7.328948,-2738.231445
7.324878,-2448.626465
7.320809,-2587.054688
7.316740,-2677.389404
7.312670,-2293.705078
7.308601,-2374.566650
7.304532,-2252.034668
7.300462,-2575.764160
7.296393,-2548.009521
7.292324,-2458.894775
7.288254,-2543.657959
7.284184,-2557.407471
7.280115,-2588.123779
7.276046,-2446.579346
7.271976,-2647.355469
7.267907,-2361.260010
7.263838,-2511.862549
7.259768,-2163.738525
7.255699,-2981.709229
7.251630,-2431.330078
7.247561,-2786.499512
7.243491,-3063.390869
7.239421,-2907.998779
7.235352,-2467.010254
7.231283,-2721.738281
7.227213,-3026.448486
7.223144,-2474.621338
7.219075,-2425.491455
7.215005,-2516.038574
7.210936,-2747.254150
7.206867,-2696.748779
7.202797,-2647.309570
7.198728,-2827.944336
7.194658,-2754.997559
7.190589,-2500.369141
7.186520,-2134.044189
7.182450,-2353.047119
7.178381,-2518.678711
7.174312,-2225.152588
7.170242,-2928.269531
7.166173,-2731.663330
7.162103,-2788.478271
7.158034,-2790.305176
7.153965,-2857.398438
7.149895,-2554.243164
7.145826,-2519.000488
7.141757,-2134.097412
7.137687,-2485.552490
7.133618,-2709.794434
7.129549,-2443.751221
7.125479,-2430.156738
7.121409,-3126.716797
7.117340,-2337.991699
7.113271,-2774.983887
7.109201,-2735.352539
7.105132,-2950.565430
7.101063,-2485.425049
7.096993,-2946.657959
7.092924,-2608.099609
7.088855,-2631.602051
7.084785,-2340.206787
7.080716,-2974.270264
7.076646,-2323.458984
7.072577,-3110.158936
7.068508,-2710.685303
7.064438,-3101.140381
7.060369,-3085.093506
7.056300,-2679.808105
7.052230,-2814.385010
7.048161,-2976.958984
7.044092,-2620.126221
7.040022,-2432.530518
7.035953,-2503.906738
7.031883,-2754.802002
7.027814,-2193.555664
7.023745,-2741.786133
7.019675,-2644.142822
7.015606,-2807.507080
7.011537,-2858.666504
7.007467,-2910.430664
7.003398,-2887.388916
6.999328,-2373.973145
6.995259,-2642.777100
6.991189,-2725.200439
6.987120,-2524.961426
6.983051,-2711.933105
6.978981,-2642.096191
6.974912,-2823.394043
6.970843,-2572.784424
6.966774,-2519.718262
6.962704,-3025.953125
6.958634,-2558.916992
6.954565,-2802.294678
6.950496,-2562.293213
6.946426,-2469.005371
6.942357,-2853.359619
6.938288,-2647.565918
6.934218,-2736.638916
6.930149,-2513.984619
6.926080,-2609.212158
6.922010,-2652.278320
6.917941,-2614.966553
6.913871,-2756.339355
6.909802,-2465.840088
6.905733,-2493.615234
6.901663,-2710.814697
6.897594,-2781.143311
6.893525,-1907.445313
6.889455,-1458.832764
6.885386,-1198.530029
6.881316,-2311.820557
6.877247,-2376.230957
6.873178,-2813.828857
6.869108,-2114.620117
6.865039,-2565.017090
6.860970,-2836.665527
6.856900,-3331.453125
6.852831,-2689.453369
6.848762,-2451.987549
6.844692,-2853.926514
6.840622,-2803.618408
6.836553,-2553.179932
6.832484,-2128.225342
6.828414,-2728.693848
6.824345,-2868.695801
6.820276,-2779.176025
6.816206,-2485.820068
6.812137,-2778.281738
6.808068,-2389.784180
6.803998,-2570.909668
6.799929,-2588.102783
6.795859,-2305.952393
6.791790,-2703.302979
6.787721,-2680.387695
6.783651,-2581.128662
6.779582,-2980.648438
6.775513,-2817.603760
6.771443,-2665.562012
6.767374,-2329.732178
6.763305,-2434.321289
6.759235,-2872.368896
6.755166,-2853.262207
6.751096,-2568.153809
6.747027,-2544.460449
6.742958,-2667.311523
6.738888,-2542.990234
6.734819,-2484.012451
6.730750,-2674.523193
6.726680,-2536.320313
6.722611,-2650.279541
6.718541,-2511.109375
6.714472,-2824.958008
6.710402,-3228.735840
6.706333,-2870.373291
6.702264,-2719.223633
6.698195,-2874.264893
6.694125,-3049.277100
6.690056,-3117.630615
6.685987,-2799.865479
6.681917,-2773.678467
6.677847,-2672.927734
6.673778,-2873.501221
6.669709,-2862.919434
6.665639,-2605.811035
6.661570,-2663.614990
6.657501,-2922.153320
6.653431,-2657.521729
6.649362,-2805.602051
6.645293,-2603.333008
6.641223,-2687.528564
6.637154,-3027.406738
6.633084,-2589.291260
6.629015,-2348.399170
6.624946,-2653.376953
6.620876,-2397.455811
6.616807,-2690.222168
6.612738,-2502.323242
6.608668,-2749.261475
6.604599,-2721.673828
6.600530,-2633.593994
6.596460,-3044.293701
6.592391,-2299.436768
6.588322,-2978.056396
6.584252,-2568.605713
6.580183,-3076.858643
6.576113,-2735.131836
6.572043,-2737.950928
6.567974,-2541.316895
6.563905,-2973.768066
6.559835,-2776.116455
6.555766,-2914.780029
6.551697,-2300.946777
6.547627,-2798.376709
6.543558,-2561.755615
6.539489,-2822.487305
6.535419,-2514.601318
6.531350,-2443.834473
6.527281,-3010.278320
6.523211,-2978.148438
6.519142,-2788.599854
6.515073,-2659.988525
6.511003,-2708.143066
6.506934,-2615.160400
6.502865,-2428.925293
6.498796,-2605.583984
6.494725,-2203.266846
6.490656,-2219.799072
6.486587,-2409.531250
6.482517,-2866.692139
6.478448,-2572.131348
6.474379,-2843.192383
6.470309,-2472.889404
6.466240,-2985.997803
6.462171,-2686.410156
6.458101,-3457.839111
6.454032,-2925.897949
6.449963,-2782.871338
6.445893,-2727.736572
6.441824,-2729.954590
6.437755,-3280.732422
6.433685,-2851.922852
6.429616,-2469.289063
6.425547,-2367.682373
6.421477,-2949.412598
6.417408,-2694.239746
6.413338,-2662.185303
6.409268,-2385.987061
6.405199,-2781.143066
6.401130,-2699.827148
6.397060,-2056.262451
6.392991,-2902.865234
6.388922,-2485.455811
6.384852,-2822.190918
6.380783,-2293.792725
6.376714,-1952.347534
6.372644,-2279.493652
6.368575,-1982.145142
6.364506,-2135.661865
6.360436,-2239.137207
6.356367,-2368.798340
6.352298,-2468.867188
6.348228,-2858.608154
6.344159,-2476.434082
6.340090,-2588.389648
6.336020,-2617.480713
6.331950,-2540.618896
6.327881,-2735.082031
6.323812,-2636.543457
6.319742,-2885.213867
6.315673,-2937.894775
6.311604,-2648.761963
6.307534,-2469.924316
6.303465,-1984.575439
6.299396,-2645.324951
6.295326,-49.466553
6.291257,-2635.852783
6.287188,-2290.764404
6.283118,-2258.242432
6.279049,-2352.115234
6.274980,-2129.471191
6.270910,-2456.580566
6.266841,-2473.709473
6.262772,-2488.989502
6.258702,-2585.879150
6.254632,-2626.619385
6.250563,-2252.681396
6.246493,-3299.977539
6.242424,-2690.285645
6.238355,-2562.245850
6.234285,-2703.474609
6.230216,-2751.176758
6.226147,-2615.369141
6.222077,-2841.986816
6.218008,-2402.118652
6.213939,-2679.822998
6.209869,-2930.013672
6.205800,-2529.088867
6.201731,-2782.683838
6.197661,-3091.737061
6.193592,-3042.444580
6.189523,-2571.127930
6.185453,-2630.510498
6.181384,-2500.741455
6.177315,-2730.420654
6.173244,-2605.085693
6.169175,-2494.110840
6.165106,-2654.533447
6.161036,-2521.334961
6.156967,-2683.035400
6.152898,-2656.273926
6.148829,-2820.378174
6.144759,-1912.273315
6.140690,-2619.357666
6.136621,-2821.382568
6.132551,-2273.555908
6.128482,-2319.480713
6.124413,-2821.724365
6.120343,-2442.920410
6.116274,-2841.972412
6.112205,-2809.014648
6.108135,-2686.317871
6.104066,-2699.240723
6.099997,-2613.548828
6.095927,-2807.794678
6.091857,-3002.255859
6.087788,-3051.496826
6.083718,-2791.108887
6.079649,-2924.963379
6.075580,-2764.957031
6.071510,-2731.958496
6.067441,-2725.624268
6.063372,-2534.156250
6.059302,-2535.068604
6.055233,-2728.185547
6.051164,-2865.903076
6.047094,-2953.875977
6.043025,-2603.820801
6.038956,-2301.616211
6.034886,-2519.897949
6.030817,-2658.392334
6.026748,-2088.206055
6.022678,-2617.025146
6.018609,-2520.723145
6.014540,-2543.145508
6.010469,-2641.554688
6.006400,-2880.077148
6.002331,-2557.784180
5.998261,-2646.077393
5.994192,-2838.093018
5.990123,-3056.828369
5.986053,-2782.017822
5.981984,-2689.265381
5.977915,-2808.297607
5.973845,-2814.519287
5.969776,-3102.517822
5.965707,-2674.643066
5.961637,-2667.749756
5.957568,-2190.966797
5.953499,-2662.734131
5.949430,-2523.432373
5.945360,-2022.506226
5.941291,-2276.552979
5.937222,-2636.760986
5.933152,-2254.268311
5.929082,-2106.202637
5.925013,-2831.241211
5.920943,-2349.069580
5.916874,-3130.079834
5.912805,-2296.912109
5.908735,-2313.337891
5.904666,-2936.321045
5.900597,-2399.457275
5.896527,-2951.662354
5.892458,-2441.943115
5.888389,-2008.738525
5.884319,-2306.456299
5.880250,-2666.815430
5.876181,-2993.727051
5.872111,-2559.865967
5.868042,-2408.798828
5.863973,-2989.620117
5.859903,-2412.696777
5.855834,-2739.165527
5.851765,-2554.065674
5.847694,-3001.499756
5.843625,-2624.759766
5.839556,-2389.026123
5.835486,-2562.948486
5.831417,-2574.221924
5.827348,-2580.129395
5.823278,-2529.314453
5.819209,-2486.731201
5.815140,-2553.649658
5.811070,-2622.741699
5.807001,-2487.636475
5.802932,-2413.687256
5.798862,-2424.383301
5.794793,-2428.745850
5.790724,-2509.982178
5.786654,-2537.308838
5.782585,-2251.461182
5.778516,-2502.858154
5.774446,-2170.346191
5.770377,-2583.268799
5.766307,-1888.478882
5.762238,-2128.671387
5.758168,-2017.878418
5.754099,-2178.525879
5.750030,-2321.669434
5.745960,-1924.753052
5.741891,-1919.958984
5.737822,-1446.595581
5.733752,-1692.456665
5.729683,-2459.136230
5.725614,-3619.293457
5.721544,-3434.309814
5.717475,-3213.956299
5.713406,-3183.060303
5.709336,-3082.969238
5.705267,-3251.412354
5.701198,-3041.275879
5.697128,-2784.535889
5.693059,-2888.472900
5.688990,-2358.166016
5.684919,-2540.546875
5.680850,-2491.867920
5.676781,-3311.492188
5.672711,-3135.646973
5.668642,-3038.532227
5.664573,-2573.282471
5.660503,-2751.828369
5.656434,-3252.260010
5.652365,-3367.093018
5.648295,-2974.897217
5.644226,-2825.256836
5.640157,-2384.225830
5.636087,-2343.999512
5.632018,-2752.838867
5.627949,-2348.732666
5.623879,-2298.157959
5.619810,-2414.544678
5.615741,-2170.386475
5.611671,-2398.878418
5.607602,-2831.928467
5.603532,-2952.432129
5.599463,-2414.370850
5.595393,-3321.690918
5.591324,-2929.077637
5.587255,-2495.155273
5.583185,-2351.049561
5.579116,-2456.285156
5.575047,-2692.597412
5.570977,-3284.349609
5.566908,-3651.621094
5.562839,-2669.063965
5.558769,-1580.823730
5.554700,-635.026245
5.550631,1168.526245
5.546561,3446.629150
5.542492,5604.458496
5.538423,6318.132324
5.534353,10193.474609
5.530284,21993.070313
5.526214,56088.671875
5.522144,125283.507813
5.518075,175274.953125
5.514006,139618.312500
5.509936,72774.960938
5.505867,36831.468750
5.501798,24547.398438
5.497728,16263.147461
5.493659,12780.265625
5.489590,12047.526367
5.485520,12015.148438
5.481451,12300.851563
5.477382,12103.909180
5.473312,10966.079102
5.469243,9827.123047
5.465174,8460.049805
5.461104,7066.163574
5.457035,6884.397461
5.452966,5561.473633
5.448896,5377.797363
5.444826,4695.682617
5.440757,3996.461670
5.436687,3242.327393
5.432618,2954.000488
5.428549,2352.867188
5.424479,1486.477173
5.420410,918.646423
5.416341,862.085876
5.412271,369.219482
5.408202,-527.211060
5.404133,-268.222534
5.400064,-287.186707
5.395994,-550.401672
5.391925,-501.261292
5.387856,-651.072632
5.383786,-883.788940
5.379717,-225.483871
5.375648,-628.597473
5.371578,-1504.250000
5.367509,-1485.271973
5.363439,-1795.416626
5.359369,-1620.123047
5.355300,-1752.765259
5.351231,-1907.324219
5.347161,-1679.704834
5.343092,-1410.005615
5.339023,-1453.119385
5.334953,-1314.995972
5.330884,-1573.477539
5.326815,-1211.236206
5.322745,-1244.732910
5.318676,-793.698792
5.314607,-1565.676758
5.310537,-1722.117676
5.306468,-2373.892578
5.302399,-1979.576294
5.298329,-2439.153564
5.294260,-3135.097168
5.290191,-2760.692627
5.286121,-2449.309570
5.282051,-2714.932373
5.277982,-2514.895752
5.273912,-2340.161377
5.269843,-2514.766113
5.265774,-2684.437988
5.261704,-2542.532471
5.257635,-2276.536621
5.253566,-2185.968018
5.249496,-1900.236084
5.245427,-2764.702637
5.241358,-2291.389648
5.237288,-2479.328857
5.233219,-2208.492676
5.229150,-2420.398926
5.225080,-2320.293457
5.221011,-2784.440674
5.216942,-2661.081055
5.212873,-2653.568604
5.208803,-2356.646729
5.204734,-2136.775635
5.200664,-2570.341797
5.196594,-2602.642578
5.192525,-2576.332275
5.188456,-2408.609863
5.184386,-2310.549805
5.180317,-2445.167236
5.176248,-2601.169189
5.172178,-1987.660400
5.168109,-2625.683594
5.164040,-2012.908813
5.159970,-2136.117676
5.155901,-2826.855469
5.151832,-2572.802979
5.147762,-2250.541992
5.143693,-2379.277588
5.139624,-2636.016602
5.135554,-2289.403076
5.131485,-2291.393066
5.127416,-2615.645996
5.123346,-2379.783203
5.119276,-2599.482422
5.115207,-2498.353760
5.111137,-2662.061768
5.107068,-2676.757080
5.102999,-2729.282227
5.098929,-2897.646973
5.094860,-2794.401123
5.090791,-2186.496094
5.086721,-2771.125977
5.082652,-2495.711426
5.078583,-2580.910156
5.074513,-2132.651123
5.070444,-2481.025635
5.066375,-2614.129150
5.062305,-2494.351318
5.058236,-2878.336914
5.054167,-2621.823730
5.050097,-2533.402100
5.046028,-2314.255859
5.041959,-2494.750000
5.037889,-2536.726807
5.033819,-2066.967773
5.029750,-2768.737305
5.025681,-2321.801514
5.021611,-2222.809570
5.017542,-2645.865234
5.013473,-2332.931641
5.009403,-2371.919922
5.005334,-2615.386963
5.001265,-2359.964111
4.997195,-2693.095215
4.993126,-2892.187988
4.989057,-2144.761963
4.984987,-2521.156738
4.980918,-2444.302979
4.976849,-1902.650635
4.972779,-2919.028809
4.968710,-2385.245361
4.964641,-2459.879639
4.960571,-2271.082031
4.956501,-2220.270996
4.952432,-2832.588379
4.948362,-2658.670410
4.944293,-2023.182861
4.940224,-2498.066895
4.936154,-2519.628418
4.932085,-2436.668457
4.928016,-2705.301758
4.923946,-3040.044922
4.919877,-2422.795898
4.915808,-2635.545166
4.911738,-2952.342285
4.907669,-2413.563232
4.903600,-2333.707275
4.899530,-2402.733643
4.895461,-2630.018799
4.891392,-2968.777344
4.887322,-2593.953613
4.883253,-2402.762451
4.879183,-2589.391357
4.875113,-2537.139160
4.871044,-2584.171875
4.866975,-2174.120850
4.862906,-2450.702637
4.858836,-2534.018555
4.854767,-2382.788818
4.850698,-2670.113037
4.846628,-2363.135010
4.842559,-2630.857910
4.838490,-2069.007568
4.834420,-2470.992676
4.830351,-2338.203125
4.826282,-2476.863037
4.822212,-2351.621338
4.818143,-2628.652832
4.814074,-2443.113037
4.810004,-2357.422119
4.805935,-2569.610840
4.801866,-2679.401367
4.797795,-2914.786621
4.793726,-2679.970947
4.789657,-2501.420166
4.785587,-2468.188232
4.781518,-2480.497070
4.777449,-2801.399170
4.773379,-2543.834717
4.769310,-2135.917969
4.765241,-2474.015137
4.761171,-2745.848633
4.757102,-2380.834473
4.753033,-2254.077393
4.748963,-2549.934326
4.744894,-2480.890625
4.740825,-2798.225342
4.736755,-2294.356934
4.732686,-2519.134766
4.728617,-2559.132568
4.724547,-2369.169678
4.720478,-2487.160889
4.716408,-2513.333496
4.712338,-2384.595459
4.708269,-2710.479004
4.704200,-2493.438721
4.700130,-2398.387207
4.696061,-2360.657959
4.691992,-2160.511719
4.687922,-2242.296875
4.683853,-2018.625732
4.679784,-1962.741089
4.675714,-1814.317993
4.671645,-2140.918701
4.667576,-1556.628784
4.663507,-1453.203613
4.659437,-1952.117798
4.655368,-2162.333496
4.651299,-2230.659180
4.647229,-2355.984131
4.643160,-2162.876709
4.639091,-2294.225586
4.635020,-2349.945801
4.630951,-2473.260254
4.626882,-2201.197998
4.622812,-2395.705811
4.618743,-2318.447266
4.614674,-2475.341797
4.610604,-2049.358154
4.606535,-2274.422852
4.602466,-2577.718506
4.598396,-2628.791748
4.594327,-2267.337646
4.590258,-2753.505615
4.586188,-2181.170166
4.582119,-2199.811279
4.578050,-2175.970703
4.573980,-2772.790039
4.569911,-2562.708496
4.565842,-2422.618408
4.561772,-1971.630859
4.557703,-2284.951904
4.553633,-2653.944824
4.549563,-2619.752930
4.545494,-2554.814453
4.541425,-2639.148926
4.537355,-2249.435303
4.533286,-2609.110840
4.529217,-2309.778809
4.525147,-2362.927734
4.521078,-2561.927734
4.517009,-2317.202393
4.512939,-1941.461548
4.508870,-2193.230225
4.504801,-2139.323975
4.500731,-2260.481201
4.496662,-2453.831055
4.492593,-2432.713135
4.488523,-2468.814941
4.484454,-2874.220947
4.480385,-2266.117676
4.476315,-2324.939209
4.472245,-2219.666016
4.468176,-2557.812012
4.464107,-2331.322998
4.460037,-1870.635010
4.455968,-1684.938599
4.451899,-2210.113281
4.447829,-2062.440918
4.443760,-2296.406982
4.439691,-2667.974609
4.435621,-2224.032959
4.431552,-2389.520020
4.427483,-2794.155273
4.423413,-2405.620605
4.419344,-2040.532837
4.415275,-2471.547852
4.411205,-2537.113525
4.407136,-2363.968506
4.403067,-2477.698242
4.398997,-2587.915527
4.394928,-2460.609375
4.390858,-2433.822510
4.386788,-2777.794922
4.382719,-2668.333252
4.378650,-2662.422363
4.374580,-2460.721924
4.370511,-2452.777832
4.366442,-2597.004639
4.362372,-2543.494141
4.358303,-2813.103027
4.354234,-2234.749512
4.350164,-2218.817871
4.346095,-2599.240967
4.342026,-2383.579346
4.337956,-2669.233154
4.333887,-2602.490479
4.329818,-2450.325439
4.325748,-2393.966797
4.321679,-2575.233154
4.317610,-2272.802002
4.313540,-2734.632324
4.309470,-2199.640625
4.305401,-2842.514893
4.301332,-2715.862793
4.297262,-2716.451416
4.293193,-2172.991211
4.289124,-2349.996582
4.285054,-2545.126709
4.280985,-2478.746338
4.276916,-2792.575928
4.272846,-2799.130615
4.268777,-2160.663574
4.264708,-2878.491455
4.260638,-2704.927734
4.256569,-2395.500244
4.252500,-2675.234131
4.248430,-2794.294922
4.244361,-2680.081299
4.240292,-2253.553223
4.236222,-2616.144287
4.232153,-2703.153076
4.228083,-2633.797119
4.224013,-2426.880615
4.219944,-2307.936279
4.215875,-2187.614502
4.211805,-2269.595215
4.207736,-2579.062500
4.203667,-2599.706787
4.199597,-2548.775146
4.195528,-2279.548584
4.191459,-2243.426025
4.187389,-2639.102783
4.183320,-2510.024658
4.179251,-2626.474609
4.175181,-2668.951660
4.171112,-2170.840576
4.167043,-2591.467773
4.162973,-2654.746582
4.158904,-2635.679199
4.154835,-2643.528320
4.150764,-1921.172729
4.146695,-1855.574585
4.142626,-1778.111206
4.138556,-1578.825684
4.134487,-2276.608154
4.130418,-2851.015625
4.126348,-2316.224854
4.122279,-2313.984619
4.118210,-2284.032715
4.114141,-2535.109863
4.110071,-2764.193359
4.106002,-2373.998047
4.101933,-2727.632568
4.097863,-2706.884277
4.093794,-2515.227051
4.089725,-2431.875732
4.085655,-2640.377930
4.081586,-2672.643799
4.077517,-2440.189697
4.073447,-2434.578613
4.069377,-2470.206299
4.065308,-2852.647949
4.061238,-2366.458008
4.057169,-2410.437012
4.053100,-2344.224121
4.049030,-2768.538818
4.044961,-2488.386475
4.040892,-2706.664307
4.036822,-2679.507568
4.032753,-2471.517334
4.028684,-2605.932617
4.024614,-2426.980713
4.020545,-2603.162109
4.016476,-2353.125488
4.012406,-2945.911133
4.008337,-2563.872314
4.004268,-2399.231201
4.000198,-2387.154541
3.996129,-2598.539551
3.992060,-2685.608154
3.987989,-2764.515137
3.983920,-2531.684082
3.979851,-2318.815186
3.975781,-2331.865723
3.971712,-2532.125244
3.967643,-2426.882080
3.963573,-2628.233643
3.959504,-2326.108398
3.955435,-2288.673828
3.951365,-1548.242920
3.947296,-2065.561035
3.943227,-2347.859863
3.939157,-2104.460449
3.935088,-2641.963379
3.931019,-2688.027100
3.926950,-2735.328369
3.922880,-2726.581787
3.918811,-2900.238037
3.914742,-2102.493408
3.910672,-2277.590820
3.906602,-2562.104004
3.902533,-2387.728760
3.898463,-2510.380859
3.894394,-2239.047607
3.890325,-2135.929443
3.886255,-2694.406738
3.882186,-3142.978516
3.878117,-2323.986328
3.874047,-2018.513550
3.869978,-2382.410889
3.865909,-2078.222168
3.861839,-2137.924316
3.857770,-2345.530273
3.853701,-2112.793701
3.849631,-2375.994141
3.845562,-2375.549805
3.841493,-1820.710693
3.837423,-1721.714478
3.833354,-2079.260254
3.829285,-1723.288086
3.825214,-1893.322510
3.821145,-2239.658936
3.817076,-2662.149414
3.813006,-2498.910645
3.808937,-2671.433350
3.804868,-2599.855713
3.800798,-2903.410645
3.796729,-3157.549316
3.792660,-2535.968262
3.788590,-2747.981689
3.784521,-1945.598755
3.780452,-2454.367920
3.776382,-2012.278687
3.772313,-1976.303711
3.768244,-1617.350830
3.764174,-1119.010376
3.760105,-1465.366455
3.756036,-1078.506958
3.751966,-1098.261963
3.747897,-1773.798218
3.743827,-1807.838135
3.739758,-2378.932373
3.735688,-2627.283936
3.731619,-2433.841064
3.727550,-1679.038696
3.723480,-1670.378418
3.719411,-1768.947632
3.715342,-1968.054321
3.711272,-2140.426270
3.707203,-1974.999146
3.703134,-2160.507568
3.699064,-1874.600098
3.694995,-2094.901367
3.690926,-1902.975098
3.686856,-1997.922729
3.682787,-2280.644775
3.678718,-1807.793213
3.674648,-1776.092773
3.670579,-1611.313232
3.666510,-1692.389282
3.662439,-1662.342773
3.658370,-1328.650635
3.654301,-1126.162964
3.650231,-1314.672729
3.646162,-217.473709
3.642093,-472.419281
3.638023,1716.431641
3.633954,2483.366455
3.629885,8348.873047
3.625815,12940.759766
3.621746,26713.060547
3.617677,34219.750000
3.613607,56716.109375
3.609538,58609.234375
3.605469,73653.570313
3.601399,61913.484375
3.597330,61137.386719
3.593261,42104.917969
3.589191,32602.964844
3.585122,20069.664063
3.581052,13891.915039
3.576982,9513.646484
3.572913,7396.975098
3.568844,6540.413574
3.564775,6168.681641
3.560705,5903.578613
3.556636,5262.791992
3.552567,5036.125977
3.548497,4268.494141
3.544428,3897.324219
3.540359,3280.649902
3.536289,2820.760254
3.532220,2313.222900
3.528151,1514.595337
3.524081,1181.882813
3.520012,870.880981
3.515943,511.563599
3.511873,199.738434
3.507804,-199.836182
3.503734,-552.129639
3.499664,-542.899658
3.495595,-928.593872
3.491526,-1056.805542
3.487456,-1307.118164
3.483387,-1417.932129
3.479318,-1089.533813
3.475248,-1132.095947
3.471179,-1513.839233
3.467110,-1610.625122
3.463040,-1564.794189
3.458971,-1639.393555
3.454902,-1584.526733
3.450832,-1784.336060
3.446763,-1586.417114
3.442694,-1922.057983
3.438624,-1577.289063
3.434555,-1885.000732
3.430486,-1619.150513
3.426416,-1759.669312
3.422346,-1963.757446
3.418277,-1474.479614
3.414207,-1570.010498
3.410138,-1427.368774
3.406069,-1360.679932
3.401999,-1695.443237
3.397930,-1795.342163
3.393861,-1963.799561
3.389791,-2122.631836
3.385722,-2315.938721
3.381653,-2500.980225
3.377584,-2091.551758
3.373514,-2411.499023
3.369445,-2197.015381
3.365376,-2584.187500
3.361306,-2092.845215
3.357237,-2371.992432
3.353168,-2146.824219
3.349098,-2092.428467
3.345029,-2309.182861
3.340959,-2294.006104
3.336889,-2636.130859
3.332820,-2221.099121
3.328751,-2350.077637
3.324681,-1739.838867
3.320612,-1951.588135
3.316543,-2300.962402
3.312473,-1982.043457
3.308404,-1180.115845
3.304335,-1381.340088
3.300265,-467.164276
3.296196,-1360.127563
3.292127,-1134.747559
3.288057,-1367.596313
3.283988,-2035.489990
3.279919,-1946.628662
3.275849,-2351.673584
3.271780,-2009.521240
3.267711,-2494.316162
3.263641,-2234.256836
3.259571,-2060.698730
3.255502,-2281.356201
3.251432,-2127.712402
3.247363,-2382.061279
3.243294,-2206.409180
3.239224,-2379.835693
3.235155,-2076.469971
3.231086,-2177.947021
3.227016,-1655.396729
3.222947,-1766.959595
3.218878,-1206.927124
3.214808,-1813.795776
3.210739,-1978.354004
3.206670,-1915.359985
3.202600,-1931.469971
3.198531,-1579.986694
3.194462,-2203.350342
3.190392,-2540.597900
3.186323,-2493.441162
3.182254,-2227.572266
3.178184,-2133.419678
3.174114,-2464.763916
3.170045,-2149.525146
3.165976,-2299.475830
3.161906,-2482.588867
3.157837,-2437.477051
3.153768,-2335.377686
3.149698,-2286.604004
3.145629,-1834.839966
3.141560,-2057.052490
3.137490,-1918.945923
3.133421,-1723.170654
3.129352,-1947.017456
3.125282,-1692.727173
3.121213,-1059.341309
3.117144,-603.307373
3.113074,88.682175
3.109005,4361.066406
3.104936,7069.389160
3.100866,2290.523193
3.096796,3154.494385
3.092727,-995.480469
3.088657,1339.497925
3.084588,-1067.596191
3.080519,-689.514404
3.076449,-707.168152
3.072380,-1400.760742
3.068311,-977.712769
3.064241,-1586.145264
3.060172,-1327.265503
3.056103,-1445.645752
3.052033,-1743.445801
3.047964,-1959.262085
3.043895,-1874.204590
3.039825,-2242.716309
3.035756,-1768.105469
3.031687,-1163.009766
3.027617,-1906.667969
3.023548,546.638550
3.019479,-1907.101440
3.015409,-65.340660
3.011339,-825.571228
3.007270,-952.605591
3.003201,-861.921997
2.999131,-1141.905884
2.995062,-1428.900635
2.990993,-1354.296509
2.986923,-1260.542847
2.982854,-1356.183960
2.978785,-1478.239136
2.974715,-1563.111572
2.970646,-1490.722412
2.966577,-1731.453369
2.962507,-993.882080
2.958438,-1425.210083
2.954369,-1492.144653
2.950299,-1652.128418
2.946230,-1569.758789
2.942161,-1329.514038
2.938091,-1155.681274
2.934021,-602.259033
2.929952,-927.824219
2.925882,0.555110
2.921813,-747.810669
2.917744,-277.243683
2.913674,-922.200439
2.909605,440.047546
2.905536,3404.578125
2.901466,3603.705078
2.897397,821.731995
2.893328,5211.115723
2.889258,934.875183
2.885189,472.952606
2.881120,-793.553650
2.877050,-845.751038
2.872981,176.938492
2.868912,-911.609131
2.864842,-415.176971
2.860773,-648.018677
2.856704,-793.104858
2.852633,-533.703857
2.848564,-610.281189
2.844495,-440.404053
2.840425,-420.609772
2.836356,-874.966492
2.832287,-612.331116
2.828218,-134.542480
2.824148,-365.334259
2.820079,-761.619629
2.816010,-525.109009
2.811940,-901.798157
2.807871,-1098.675415
2.803802,-828.497253
2.799732,-501.503052
2.795663,-462.755737
2.791594,-636.117676
2.787524,-699.190002
2.783455,-1005.031921
2.779386,-979.665894
2.775315,-1251.999512
2.771246,-970.235229
2.767177,-1257.347412
2.763107,-1398.213257
2.759038,-1298.137207
2.754969,-1529.464722
2.750899,-1496.718018
2.746830,-1373.773315
2.742761,-1709.627319
2.738691,-1850.282959
2.734622,-1434.205688
2.730553,-1935.560059
2.726483,-1452.989014
2.722414,-1036.251953
2.718345,-1628.488159
2.714275,-1365.089844
2.710206,-1610.147217
2.706137,-1171.104980
2.702067,-1630.432617
2.697998,-1799.925659
2.693928,-1686.162720
2.689858,-1798.024780
2.685789,-1731.512695
2.681720,-948.932129
2.677650,-259.243317
2.673581,-722.705811
2.669512,-766.500488
2.665442,-463.081940
2.661373,-602.537781
2.657304,-781.800598
2.653234,-505.821777
2.649165,-707.707581
2.645096,-1618.293823
2.641026,-1209.001709
2.636957,-965.504517
2.632888,-1220.895386
2.628819,-1661.023193
2.624749,-1096.697266
2.620680,-1446.856567
2.616611,-1468.892334
2.612540,-2187.294434
2.608471,-3163.799072
2.604402,-2070.665283
2.600332,-1554.738281
2.596263,-1523.175049
2.592194,-1075.307251
2.588124,-678.606018
2.584055,-1235.035522
2.579986,-1697.587524
2.575916,-2089.281982
2.571847,-1926.617920
2.567778,-632.721680
2.563708,-834.696716
2.559639,-1598.349976
2.555570,-896.702576
2.551500,-594.977051
2.547431,-991.739990
2.543362,-1117.382813
2.539292,-410.091339
2.535223,-628.870117
2.531153,488.838745
2.527083,-149.596954
2.523014,-871.157654
2.518945,-1339.676392
2.514875,-845.282532
2.510806,-1027.831909
2.506737,-756.435486
2.502667,-96.425529
2.498598,-629.118164
2.494529,186.977356
2.490459,161.421738
2.486390,94.185341
2.482321,-221.627365
2.478251,302.079865
2.474182,1113.635620
2.470113,3146.603516
2.466043,4286.214355
2.461974,2991.926514
2.457905,2347.338623
2.453835,465.199036
2.449765,930.738098
2.445696,-1621.337646
2.441627,-1489.221191
2.437557,-1815.022705
2.433488,-1894.137451
2.429419,-1572.112671
2.425349,-1190.361084
2.421280,-857.113953
2.417211,-483.354340
2.413141,125.187737
2.409072,178.195831
2.405003,248.470032
2.400933,-93.301857
2.396864,-346.712158
2.392795,479.682495
2.388725,-28.429636
2.384656,188.736801
2.380587,1628.721802
2.376517,-1092.372437
2.372448,-1710.304688
2.368378,-1277.994751
2.364308,-877.490479
2.360239,-833.557068
2.356170,74.960419
2.352100,1183.102295
2.348031,1010.712463
2.343962,1287.426270
2.339892,1894.222778
2.335823,969.866699
2.331754,874.727539
2.327684,484.765625
2.323615,884.284119
2.319546,472.444183
2.315476,665.140076
2.311407,230.151993
2.307338,1439.122437
2.303268,1426.155029
2.299199,1913.846069
2.295130,2864.698242
2.291060,3280.562988
2.286990,3733.335693
2.282921,3680.448730
2.278852,5819.327637
2.274782,5762.860352
2.270713,12310.060547
2.266644,15381.232422
2.262574,25096.136719
2.258505,29740.537109
2.254436,27560.591797
2.250366,44158.359375
2.246297,150224.281250
2.242228,207868.046875
2.238158,276779.812500
2.234089,313233.906250
2.230020,181111.234375
2.225950,167418.328125
2.221881,56256.660156
2.217812,43343.937500
2.213742,30017.703125
2.209673,30329.480469
2.205603,23290.898438
2.201533,24835.837891
2.197464,25593.796875
2.193395,26844.609375
2.189325,30857.984375
2.185256,23611.634766
2.181187,27501.972656
2.177117,28017.404297
2.173048,55016.140625
2.168979,105276.421875
2.164909,246617.093750
2.160840,140006.109375
2.156771,54738.734375
2.152701,40591.628906
2.148632,34185.742188
2.144563,21229.605469
2.140493,22892.375000
2.136424,22035.052734
2.132355,15812.572266
2.128285,18962.396484
2.124215,16844.886719
2.120146,10957.037109
2.116076,14572.021484
2.112007,18778.556641
2.107938,15639.512695
2.103868,16748.560547
2.099799,15834.533203
2.095730,12367.748047
2.091660,15219.776367
2.087591,13583.563477
2.083522,10541.199219
2.079453,19037.017578
2.075383,36659.707031
2.071314,60565.753906
2.067245,93973.296875
2.063175,80446.570313
2.059106,109412.984375
2.055037,191944.765625
2.050967,393453.093750
2.046897,1030356.375000
2.042828,1925568.750000
2.038758,1075509.375000
2.034689,319216.500000
2.030620,220539.250000
2.026550,157597.234375
2.022481,103736.476563
2.018412,102701.765625
2.014342,103065.281250
2.010273,89642.234375
2.006204,86889.265625
2.002134,79682.507813
1.998065,80980.414063
1.993996,80746.640625
1.989926,71027.078125
1.985857,61115.054688
1.981788,57419.246094
1.977718,49175.289063
1.973649,44264.800781
1.969580,44548.464844
1.965509,39319.550781
1.961440,33358.250000
1.957371,31854.804688
1.953301,24093.099609
1.949232,19518.455078
1.945163,19624.423828
1.941093,15601.008789
1.937024,13157.901367
1.932955,10060.806641
1.928885,10967.177734
1.924816,11061.353516
1.920747,8916.192383
1.916677,9084.922852
1.912608,8373.137695
1.908539,9563.897461
1.904469,10588.202148
1.900400,6884.754883
1.896331,4211.314941
1.892262,3069.998291
1.888192,2477.362061
1.884122,2786.065918
1.880053,2379.918457
1.875983,3202.492920
1.871914,3367.237305
1.867845,3173.732666
1.863775,3880.350830
1.859706,4627.798340
1.855637,3992.637207
1.851567,6436.367676
1.847498,6925.271973
1.843429,8320.094727
1.839359,8267.873047
1.835290,3684.961426
1.831221,5061.506836
1.827151,3473.663574
1.823082,-5470.958984
1.819013,-5515.742676
1.814943,-4860.693848
1.810874,-2539.845215
1.806805,-2908.733398
1.802734,-2248.868652
1.798665,-2304.010742
1.794596,-2163.061523
1.790526,-1669.700073
1.786457,-1736.466797
1.782388,-1400.890381
1.778318,-1370.331543
1.774249,-1692.839600
1.770180,-1487.158325
1.766110,-952.568848
1.762041,-1088.095459
1.757972,-1383.261963
1.753902,-1707.087402
1.749833,-2022.870972
1.745764,-2449.551025
1.741694,-1671.644531
1.737625,-1388.456787
1.733556,-2072.679688
1.729486,-1783.384888
1.725417,-1442.056274
1.721347,-1322.396362
1.717278,-901.624756
1.713208,-1465.736694
1.709139,-1901.554932
1.705070,-1288.461548
1.701000,-1585.587891
1.696931,-1475.470337
1.692862,-1208.238525
1.688792,-1596.489502
1.684723,-1536.234863
1.680654,-1858.553955
1.676584,-1410.896851
1.672515,-1371.098511
1.668446,-1342.209473
1.664376,-1174.174927
1.660307,-1260.386597
1.656238,-1458.175781
1.652168,-1726.990845
1.648099,-2136.436279
1.644030,-2115.062500
1.639959,-1685.648926
1.635890,-1884.148071
1.631821,-2547.269775
1.627751,-4258.811523
1.623682,-5611.414063
1.619613,-489.937683
1.615543,-780.536865
1.611474,-6551.032715
1.607405,-2999.075684
1.603335,-1750.817871
1.599266,-1473.245972
1.595197,-1861.483765
1.591127,-2010.417847
1.587058,-1665.708740
1.582989,-1398.289917
1.578919,-1305.924927
1.574850,-1395.741333
1.570781,-448.268616
1.566711,-903.882507
1.562642,-1717.093994
1.558572,-2026.361694
1.554502,-1805.889648
1.550433,-2362.317139
1.546364,-2493.203125
1.542295,-1570.623901
1.538225,-2023.253418
1.534156,-1723.797363
1.530087,-1836.273438
1.526017,-1873.511963
1.521948,-2258.982666
1.517879,-1809.680786
1.513809,-568.700684
1.509740,-1084.297241
1.505671,-1767.084229
1.501601,-1647.382446
1.497532,-1488.599243
1.493463,-2079.162354
1.489393,-1294.275024
1.485324,-1549.924805
1.481255,-831.612427
1.477184,-486.979462
1.473115,-271.356049
1.469046,-1276.270508
1.464976,-1848.766357
1.460907,-1583.463623
1.456838,-1955.995850
1.452768,-1777.683472
1.448699,-1371.900024
1.444630,-1483.558716
1.440560,-2321.192383
1.436491,-1781.606689
1.432422,-2146.393555
1.428352,-2064.362305
1.424283,-2320.863770
1.420214,-2351.485596
1.416144,-2381.862305
1.412075,-2119.109619
1.408006,-1481.142944
1.403936,-1121.586060
1.399866,-1186.936523
1.395797,-1812.263672
1.391727,-1577.874023
1.387658,-371.324005
1.383589,-2948.980225
1.379519,1109.952515
1.375450,-3116.055908
1.371381,-520.803467
1.367311,-2358.303467
1.363242,-1904.233154
1.359173,-1649.888794
1.355103,-1743.765259
1.351034,-1826.407104
1.346965,-1753.702026
1.342896,-1875.719971
1.338826,-1703.760986
1.334757,-1731.133423
1.330688,-2226.331543
1.326618,-1788.653198
1.322549,-1922.567993
1.318479,-1349.585693
1.314409,-1598.669678
1.310340,-206.762131
1.306271,-3299.328857
1.302201,-1706.889648
1.298132,-1308.177002
1.294063,-1765.588989
1.289993,-1841.354248
1.285924,-1664.793579
1.281855,-1052.973389
1.277785,-1912.350952
1.273716,-1868.313599
1.269647,-1585.158691
1.265577,-1629.098633
1.261508,-1479.555542
1.257439,-1259.505371
1.253369,-1374.940918
1.249300,-1631.758423
1.245231,-1773.822388
1.241161,-1322.605835
1.237091,-1107.225220
1.233022,-1021.648682
1.228952,-1030.629395
1.224883,-1577.207642
1.220814,-1263.615967
1.216744,-1131.410522
1.212675,-1022.377380
1.208606,-1398.281860
1.204536,-1470.998535
1.200467,-1766.216309
1.196398,6.381064
1.192328,-454.466827
1.188259,12209.153320
1.184190,-5423.230469
1.180120,-3692.809814
1.176051,927.457642
1.171982,486.879913
1.167912,826.520996
1.163843,-356.488312
1.159774,-236.110153
1.155704,-857.122803
1.151634,-888.363037
1.147565,-889.670044
1.143496,-1034.798340
1.139426,-1089.804810
1.135357,-884.312012
1.131288,-877.438843
1.127218,-604.955505
1.123149,-1147.300537
1.119080,-768.843750
1.115010,-553.638794
1.110941,-582.749939
1.106872,-718.962219
1.102802,-644.799988
1.098733,-629.333069
1.094664,-923.078735
1.090594,-1129.215820
1.086525,-1320.325928
1.082456,-1235.916870
1.078386,-1407.579712
1.074316,-1272.337524
1.070247,-1365.338501
1.066177,-1466.696655
1.062108,-1586.808350
1.058039,-1997.237305
1.053969,-1924.245117
1.049900,-2533.648193
1.045831,-2213.859375
1.041761,283.297577
1.037692,-1501.803467
1.033623,-1889.887207
1.029553,-2115.301025
1.025484,-1992.381958
1.021415,-2489.566650
1.017345,-2429.612305
1.013276,-2787.028809
1.009207,-2442.885742
1.005137,-2228.335938
1.001068,-2151.513916
0.996999,-2470.493164
0.992929,-1896.766846
0.988859,-943.731506
0.984790,1129.481323
0.980721,3633.106689
0.976651,7092.459473
0.972582,4778.427734
0.968513,467.084351
0.964443,-1099.785278
0.960374,-1312.159058
0.956305,-1687.897583
0.952235,-1917.249268
0.948166,-2117.159180
0.944097,-1757.782837
0.940027,-2379.084961
0.935958,-1959.263306
0.931889,-1719.986084
0.927819,-1941.031860
0.923750,-2303.319580
0.919681,-2185.042725
0.915611,-2515.731445
0.911541,-2322.133301
0.907472,-2590.531006
0.903402,-2477.658936
0.899333,-2584.276855
0.895264,-2446.472168
0.891194,-2538.161865
0.887125,-2642.597168
0.883056,-2793.160889
0.878986,-2611.185303
0.874917,-2093.750977
0.870848,-2975.678467
0.866778,-2620.540771
0.862709,-2497.270508
0.858640,-2037.221558
0.854570,-2480.022949
0.850501,-2418.791260
0.846432,-2836.619629
0.842362,-2803.098145
0.838293,-2844.465088
0.834224,-2377.037842
0.830153,-2207.895020
0.826084,-3271.622314
0.822015,-2881.595215
0.817945,-2975.710693
0.813876,-2632.226807
0.809807,-2844.654541
0.805737,-2445.374512
0.801668,-2720.869385
0.797599,-2652.016357
0.793530,-2941.998535
0.789460,-2790.745361
0.785391,-2476.359619
0.781322,-2411.727539
0.777252,-2364.548340
0.773183,-2855.854492
0.769114,-2900.186035
0.765044,-2840.036377
0.760975,-2404.737549
0.756906,-2630.944824
0.752836,-2778.709473
0.748766,-2620.863281
0.744697,-2705.350586
0.740627,-2826.389404
0.736558,-3054.301025
0.732489,-2602.543213
0.728419,-2320.001953
0.724350,-2704.716553
0.720281,-2805.045166
0.716211,-2579.403320
0.712142,-2636.107422
0.708073,-3020.034424
0.704003,-2617.245117
0.699934,-3106.335205
0.695865,-2959.695801
0.691795,-3165.186768
0.687726,-2779.054932
0.683657,-3372.444092
0.679587,-3002.020752
0.675518,-2899.425537
0.671448,-2963.107178
0.667378,-2981.638916
0.663309,-3152.637207
0.659240,-2825.119141
0.655170,-2976.424316
0.651101,-2810.026611
0.647032,-3135.026855
0.642962,-3077.957031
0.638893,-2639.229004
0.634824,-2735.523926
0.630754,-2995.578613
0.626685,-3188.795654
0.622616,-2883.200684
0.618546,-3216.568359
0.614477,-2886.915039
0.610408,-2915.235596
0.606339,-3085.764404
0.602269,-3019.322998
0.598200,-2924.350830
0.594131,-2755.360352
0.590060,-2646.037109
0.585991,-2871.118896
0.581922,-3120.131592
0.577852,-3046.063232
0.573783,-2905.633545
0.569714,-2727.928711
0.565644,-2971.875488
0.561575,-3025.022461
0.557506,-3267.343262
0.553436,-3315.983154
0.549367,-2628.592041
0.545298,-2783.052734
0.541228,-2466.776855
0.537159,-2869.656250
0.533090,-2696.004883
0.529020,-2658.179199
0.524951,-2463.008301
0.520882,-2530.851807
0.516812,-2786.248535
0.512743,-2845.501221
0.508673,-3005.265625
0.504603,-2722.110352
0.500534,-3068.982666
0.496465,-2921.799805
0.492395,-3080.320068
0.488326,-2899.027832
0.484257,-2897.517334
0.480187,-2704.028564
0.476118,-2964.376465
0.472049,-2938.387451
0.467979,-2910.590576
0.463910,-2572.261963
0.459841,-2829.987793
0.455771,-2688.533936
0.451702,-2364.258301
0.447633,-2807.280762
0.443563,-2596.333984
0.439494,-2902.534180
0.435425,-2875.884277
0.431355,-2703.114502
0.427285,-2841.795410
0.423216,-2293.925537
0.419147,-2952.071045
0.415077,-2506.685059
0.411008,-2936.880371
0.406939,-2680.978027
0.402869,-2708.748047
0.398800,-2970.385742
0.394731,-3136.663330
0.390661,-2701.797607
0.386592,-3069.202637
0.382523,-2709.871582
0.378453,-2932.629150
0.374384,-2808.127930
0.370315,-2683.936768
0.366245,-3023.687012
0.362176,-2739.494629
0.358107,-2446.476807
0.354037,-2171.671143
0.349968,-2146.248779
0.345898,-2560.665771
0.341828,-2229.235107
0.337759,-1974.746460
0.333690,-1745.737549
0.329620,-1182.267944
0.325551,-761.969177
0.321482,-2298.984131
0.317412,-1949.956299
0.313343,-2709.984131
0.309274,-2451.880371
0.305204,-2465.703125
0.301135,-2243.264160
0.297066,-2354.417480
0.292996,-2938.808838
0.288927,-2864.227051
0.284858,-2602.150879
0.280788,-2756.793945
0.276719,-2734.922852
0.272650,-3018.521973
0.268580,-2659.192871
0.264510,-2688.301025
0.260441,-2580.521729
0.256371,-2238.195313
0.252302,-2957.014893
0.248233,-2423.503174
0.244164,-2930.361328
0.240094,-2736.375244
0.236025,-2345.315918
0.231956,-2765.168213
0.227886,-2611.838135
0.223817,-2623.976074
0.219748,-2331.065918
0.215678,-2612.138184
0.211609,-3210.652588
0.207540,-3465.024414
0.203470,-3009.385986
0.199401,-2864.839844
0.195332,-3290.859375
0.191262,-2917.239746
0.187193,-3239.682861
0.183123,-2583.712402
0.179053,-2900.967773
0.174984,-2999.806396
0.170915,-3345.337158
0.166845,-2832.539307
0.162776,-2564.451172
0.158707,-2966.344727
0.154637,-2693.655762
0.150568,-2593.644775
0.146499,-3073.153076
0.142429,-3192.224365
0.138360,-3157.744873
0.134291,-2966.195801
0.130221,-3357.642334
0.126152,-2911.058838
0.122083,-3116.413574
0.118013,-2360.864258
0.113944,-2505.833740
0.109875,-2489.389404
0.105805,-2917.592529
0.101735,-2654.325684
0.097666,-2291.873047
0.093596,-2250.396729
0.089527,-2975.583008
0.085458,-2906.792969
0.081388,-2377.136719
0.077319,-3101.036621
0.073250,-2559.164063
0.069180,-2882.239258
0.065111,-2288.321777
0.061042,-2161.454102
0.056973,-852.605591
0.052903,-921.538269
0.048834,-2162.910889
0.044765,-2225.715088
0.040695,-2330.837158
0.036626,-2073.333252
0.032557,-1442.388550
0.028487,-515.683105
0.024417,1495.708252
0.020348,118.316757
0.016278,2340.080566
0.012209,3131.811279
0.008140,12179.240234
0.004070,27156.843750
0.000001,79376.593750
-0.004068,46100.171875
-0.008138,8331.184570
-0.012207,5890.983398
-0.016276,4492.118652
-0.020346,1480.403931
-0.024415,1097.179077
-0.028484,1204.085449
-0.032554,483.395782
-0.036623,801.528381
-0.040692,247.507416
-0.044762,442.756714
-0.048831,400.708588
-0.052900,1047.898682
-0.056971,1413.913940
-0.061040,-800.121216
-0.065109,-689.789856
-0.069179,-833.515625
-0.073248,-1198.495972
-0.077317,-1769.521606
-0.081387,-1531.346802
-0.085456,-1981.373779
-0.089525,-1951.952759
-0.093595,-2379.471680
-0.097664,-1976.916138
-0.101733,-2137.062744
-0.105803,-2193.621582
-0.109872,-2622.214844
-0.113941,-2580.579590
-0.118011,-2627.450439
-0.122080,-2460.494141
-0.126149,-2594.725586
-0.130219,-2728.380859
-0.134288,-2720.085938
-0.138358,-3050.124756
-0.142427,-2723.588623
-0.146497,-3098.118164
-0.150566,-2707.045166
-0.154635,-2974.249268
-0.158705,-3365.948975
-0.162774,-3069.700684
-0.166843,-3203.464844
-0.170913,-2865.592285
-0.174982,-2994.396484
-0.179051,-2636.956543
-0.183121,-2613.777100
-0.187190,-3030.183105
-0.191259,-2891.549072
-0.195329,-2599.649170
-0.199398,-2986.592529
-0.203467,-2495.920898
-0.207537,-2709.872559
-0.211606,-2983.964111
-0.215675,-2809.254395
-0.219746,-3306.489014
-0.223815,-3531.071045
-0.227884,-3073.828125
-0.231954,-3344.242676
-0.236023,-2808.422852
-0.240092,-2983.920410
-0.244162,-3130.327637
-0.248231,-3303.870605
-0.252300,-3025.785400
-0.256370,-3077.260498
-0.260439,-3183.812744
-0.264508,-3359.976074
-0.268578,-3332.404297
-0.272647,-3213.216553
-0.276716,-3359.957520
-0.280786,-3689.592773
-0.284855,-3284.254639
-0.288924,-2972.326904
-0.292994,-3105.227295
-0.297063,-2988.768066
-0.301133,-3159.247803
-0.305202,-3359.709473
-0.309272,-3258.962158
-0.313341,-3119.228271
-0.317410,-3409.562500
-0.321480,-3307.747070
-0.325549,-3175.350342
-0.329618,-3014.626221
-0.333688,-2849.917725
-0.337757,-3382.756104
-0.341826,-3476.206543
-0.345896,-3354.787842
-0.349965,-3525.632568
-0.354034,-2947.970947
-0.358104,-3054.023926
-0.362173,-3100.741211
-0.366242,-3292.994141
-0.370312,-3374.840332
-0.374381,-2966.206055
-0.378450,-2676.750244
-0.382521,-3207.360352
-0.386590,-3095.302002
-0.390659,-3167.788818
-0.394729,-3516.417969
-0.398798,-3114.503662
-0.402867,-2860.652100
-0.406937,-3322.967041
-0.411006,-3126.621094
-0.415075,-3528.771729
-0.419145,-3313.248047
-0.423214,-2827.576172
-0.427283,-3015.968750
-0.431353,-3362.839600
-0.435422,-3060.862793
-0.439491,-3015.197754
-0.443561,-3562.365967
-0.447630,-3202.393311
-0.451699,-3098.063232
-0.455769,-3008.423340
-0.459838,-3267.768555
-0.463908,-3234.108643
-0.467978,-3143.567871
-0.472047,-3077.227295
-0.476116,-3258.645996
-0.480186,-3149.754395
-0.484255,-3224.525391
-0.488324,-3397.138672
-0.492393,-3092.791260
-0.496463,-2670.903076
-0.500532,-3054.533447
-0.504601,-3122.846436
-0.508671,-3295.411621
-0.512740,-2735.310791
-0.516809,-3251.695313
-0.520879,-3097.518311
-0.524948,-2923.985596
-0.529017,-2732.109131
-0.533087,-2786.827148
-0.537156,-2946.255615
-0.541225,-3119.579346
-0.545296,-2862.816895
-0.549365,-3340.813721
-0.553434,-3066.884766
-0.557504,-2940.493164
-0.561573,-2858.720703
-0.565642,-2686.498535
-0.569712,-3250.444824
-0.573781,-2938.902100
-0.577850,-3346.174561
-0.581920,-2885.570068
-0.585989,-3065.537598
-0.590058,-2900.686523
-0.594128,-3081.283691
-0.598197,-3260.914307
-0.602266,-3224.794189
-0.606336,-3122.468994
-0.610405,-2957.150391
-0.614474,-3368.928467
-0.618544,-3123.879639
-0.622613,-3273.216064
-0.626683,-3078.661377
-0.630753,-3049.100342
-0.634822,-3177.708008
-0.638891,-3052.279053
-0.642961,-2994.824463
-0.647030,-2992.390869
-0.651099,-2774.261230
-0.655169,-3186.567871
-0.659238,-3061.986572
-0.663307,-2729.206543
-0.667377,-2889.726074
-0.671446,-3205.695801
-0.675515,-3581.455078
-0.679585,-3214.818848
-0.683654,-2829.561035
-0.687723,-2943.168213
-0.691792,-2729.341553
-0.695862,-3157.972168
-0.699931,-3407.954834
-0.704001,-2787.137939
-0.708071,-3235.549316
-0.712140,-3101.892578
-0.716209,-2920.144287
-0.720279,-3243.284912
-0.724348,-2864.443604
-0.728417,-3415.852783
-0.732487,-3124.465088
-0.736556,-3308.189941
-0.740625,-3386.890869
-0.744695,-3186.276123
-0.748764,-2915.985107
-0.752833,-3435.928223
-0.756903,-3088.839600
-0.760972,-3196.961426
-0.765041,-2924.713379
-0.769111,-3125.599365
-0.773180,-3127.603516
-0.777249,-2822.830322
-0.781319,-2823.789551
-0.785389,-3265.356201
-0.789458,-2763.501709
-0.793528,-3470.625000
-0.797597,-3256.101563
-0.801666,-3131.893311
-0.805736,-3134.544189
-0.809805,-3037.129150
-0.813874,-2869.955078
-0.817944,-2810.872070
-0.822013,-2915.035156
-0.826082,-3166.868896
-0.830152,-3265.185303
-0.834221,-2683.027100
-0.838290,-3302.087402
-0.842360,-3406.408936
-0.846429,-2878.498779
-0.850498,-3206.719482
-0.854568,-2808.607178
-0.858637,-3253.029297
-0.862706,-3076.158691
-0.866776,-3054.452148
-0.870846,-3092.593506
-0.874915,-3494.676025
-0.878984,-3312.395752
-0.883054,-3076.590332
-0.887123,-3510.166504
-0.891192,-2994.043213
-0.895262,-3087.689941
-0.899331,-3327.418701
-0.903400,-2843.355713
-0.907470,-2983.708008
-0.911539,-2719.088379
-0.915608,-3376.336670
-0.919678,-3262.971191
-0.923747,-2915.265869
-0.927816,-3234.210205
-0.931886,-3342.355225
-0.935955,-3432.696533
-0.940024,-3351.922852
-0.944094,-2638.748047
-0.948164,-3200.428955
-0.952233,-3249.414063
-0.956303,-3153.760986
-0.960372,-3201.470459
-0.964441,-3125.642822
-0.968511,-3055.484863
-0.972580,-3183.023682
-0.976649,-2891.282471
-0.980719,-2996.112305
-0.984788,-3442.329346
-0.988857,-3451.192383
-0.992927,-2868.787109
-0.996996,-2993.973145
-1.001065,-2541.289307
-1.005135,-3208.901123
-1.009204,-3077.383301
-1.013273,-2438.699951
-1.017343,-2980.610352
-1.021412,-3116.107422
-1.025481,-3129.073486
-1.029552,-2858.258301
-1.033621,-2891.353516
-1.037690,-3195.022461
-1.041759,-2772.747314
-1.045829,-3202.276855
-1.049898,-3148.677246
-1.053967,-3520.068848
-1.058037,-3047.215332
-1.062106,-2925.370605
-1.066175,-3474.916504
-1.070245,-3295.556152
-1.074314,-3058.069092
-1.078383,-3186.036133
-1.082453,-2837.335205
-1.086522,-3131.805176
-1.090591,-3486.733643
-1.094661,-3201.748291
-1.098730,-3493.809082
-1.102799,-2839.061523
-1.106869,-3460.842041
-1.110939,-2908.296143
-1.115008,-3142.208984
-1.119078,-3217.214600
-1.123147,-3569.866455
-1.127216,-3358.871094
-1.131286,-3306.795166
-1.135355,-3319.075684
-1.139424,-2742.607178
-1.143494,-3369.504883
-1.147563,-3076.024414
-1.151632,-3249.204102
-1.155702,-2828.127441
-1.159771,-3432.972900
-1.163840,-3270.906250
-1.167910,-2921.216064
-1.171979,-3195.955811
-1.176048,-2934.276123
-1.180118,-3327.777100
-1.184187,-3026.498291
-1.188256,-2967.860596
-1.192327,-3366.429199
-1.196396,-2999.437744
-1.200465,-3136.261475
-1.204535,-2994.109375
-1.208604,-3176.607422
-1.212673,-3296.578613
-1.216743,-3549.324463
-1.220812,-3184.296387
-1.224881,-3273.569580
-1.228951,-2842.352051
-1.233020,-2909.729736
-1.237089,-3505.596924
-1.241158,-3150.114258
-1.245228,-3356.373535
-1.249297,-3175.041260
-1.253366,-2979.569092
-1.257436,-2894.652832
-1.261505,-3117.699219
-1.265574,-3151.334717
-1.269644,-3380.704346
-1.273714,-2544.258545
-1.277783,-3112.440430
-1.281853,-3134.970947
-1.285922,-3145.805908
-1.289991,-2885.783447
-1.294061,-3179.475098
-1.298130,-3545.956299
-1.302199,-3012.704590
-1.306269,-3270.356689
-1.310338,-3197.265869
-1.314407,-3288.397705
-1.318477,-3372.757568
-1.322546,-3194.367188
-1.326615,-3392.148926
-1.330685,-2878.371094
-1.334754,-3317.402344
-1.338823,-3100.352539
-1.342893,-3374.847900
-1.346962,-3148.224609
-1.351032,-3020.935547
-1.355102,-3001.202393
-1.359171,-3219.584961
-1.363240,-3185.098145
-1.367310,-3448.708252
-1.371379,-3280.239258
-1.375447,-3310.624268
-1.379518,-3112.440430
-1.383586,-3168.331787
-1.387656,-3159.649658
-1.391726,-2513.854004
-1.395795,-3236.482666
-1.399865,-2940.521240
-1.403934,-3321.125244
-1.408004,-2988.433838
-1.412072,-3465.077393
-1.416142,-3344.253418
-1.420211,-3197.009033
-1.424281,-3096.115479
-1.428349,-2890.156250
-1.432420,-3398.816162
-1.436488,-3391.138916
-1.440558,-3233.663330
-1.444627,-3435.890869
-1.448697,-3345.725830
-1.452765,-3407.480957
-1.456836,-2966.690186
-1.460904,-3004.641602
-1.464974,-2979.539307
-1.469043,-3258.126465
-1.473113,-3416.750488
-1.477183,-3279.651367
-1.481252,-3587.576660
-1.485322,-3309.692627
-1.489390,-2924.222900
-1.493461,-3129.012695
-1.497529,-3304.932373
-1.501599,-3088.993896
-1.505668,-2996.139893
-1.509738,-3438.988037
-1.513806,-2771.479980
-1.517877,-3213.852295
-1.521945,-3231.275146
-1.526015,-3155.857910
-1.530084,-2936.781982
-1.534154,-2928.999512
-1.538222,-3475.463623
-1.542293,-2810.243164
-1.546361,-3267.831543
-1.550431,-3313.660645
-1.554502,-3461.775391
-1.558570,-3017.556885
-1.562640,-3212.185303
-1.566709,-3113.784668
-1.570779,-3141.566406
-1.574847,-3225.163086
-1.578918,-3223.794189
-1.582986,-3207.295410
-1.587056,-3064.992920
-1.591125,-3207.675049
-1.595195,-2909.263184
-1.599263,-3260.096191
-1.603333,-3248.224365
-1.607402,-2869.197510
-1.611472,-3320.342285
-1.615541,-2764.035645
-1.619611,-2971.080078
-1.623679,-3417.862549
-1.627749,-3456.715088
-1.631818,-3550.770020
-1.635888,-3536.853027
-1.639958,-3087.538330
-1.644027,-3012.720459
-1.648097,-3089.775879
-1.652165,-2977.725586
-1.656236,-3133.298096
-1.660304,-3134.542725
-1.664374,-3419.114502
-1.668443,-3222.851563
-1.672513,-3260.302490
-1.676581,-3496.901367
-1.680652,-2982.030029
-1.684720,-3312.528320
-1.688790,-3253.171143
-1.692859,-3225.542969
-1.696929,-3269.206299
-1.700997,-3253.888428
-1.705068,-3595.470703
-1.709136,-3050.315674
-1.713206,-2846.610596
-1.717277,-2682.785400
-1.721345,-3018.439697
-1.725415,-3040.902588
-1.729484,-3099.633789
-1.733554,-3024.024902
-1.737622,-2882.407959
-1.741693,-3025.972412
-1.745761,-2699.907227
-1.749831,-3022.548828
-1.753900,-2972.583008
-1.757970,-2768.836670
-1.762038,-3175.232422
-1.766109,-2932.680176
-1.770177,-3176.133057
-1.774247,-3324.425049
-1.778316,-2845.552490
-1.782386,-3451.203613
-1.786454,-2879.671875
-1.790524,-3442.733398
-1.794593,-2929.025635
-1.798663,-2822.804199
-1.802733,-3205.691650
-1.806802,-2900.630127
-1.810872,-3324.135498
-1.814940,-3448.985596
-1.819011,-3739.736572
-1.823079,-3405.533203
-1.827149,-3194.266846
-1.831218,-2960.980469
-1.835288,-3132.239990
-1.839356,-3205.940430
-1.843427,-3225.384033
-1.847495,-3327.085938
-1.851565,-2781.299072
-1.855634,-3254.201172
-1.859704,-2842.194336
-1.863772,-3353.307129
-1.867843,-2816.608154
-1.871911,-3153.940674
-1.875981,-3104.356445
-1.880052,-3488.313965
-1.884120,-2919.417480
-1.888190,-2756.886963
-1.892259,-3722.869141
-1.896329,-3027.580322
-1.900397,-2908.251953
-1.904468,-3275.949951
-1.908536,-3180.785645
-1.912606,-3083.584473
-1.916675,-2977.817383
-1.920745,-3140.107178
-1.924813,-3232.367676
-1.928884,-3482.686035
-1.932952,-3379.691895
-1.937022,-3303.784668
-1.941091,-2992.326172
-1.945161,-2915.947754
-1.949229,-3431.150635
-1.953300,-3199.190918
-1.957368,-3312.803223
-1.961438,-3031.821533
-1.965508,-3100.464355
-1.969577,-3256.959717
-1.973647,-2910.384766
-1.977715,-3083.461182
-1.981786,-3193.426758
-1.985854,-3021.005615
-1.989924,-3040.458252
-1.993993,-3258.692383
-1.998063,-3066.498535
-2.002131,-3054.239502
-2.006202,-2775.031006
-2.010270,-3273.537354
-2.014340,-3103.812500
-2.018409,-2703.485352
-2.022479,-3595.098145
-2.026547,-3060.672119
-2.030618,-3133.042480
-2.034686,-3061.191406
