14.722996,-3100.666504
14.718926,-1937.009521
14.714857,-1811.709839
14.710788,-2007.596436
14.706718,-1739.320557
14.702649,-1739.169067
14.698580,-2637.461426
14.694510,-1690.055176
14.690441,-1679.983398
14.686372,-1853.334229
14.682302,-1588.549683
14.678232,-1476.988892
14.674163,-1835.785645
14.670094,-1526.450073
14.666024,-1445.220459
14.661955,-1929.163086
14.657886,-2105.892090
14.653816,-2103.241943
14.649747,-1901.269531
14.645678,-1918.140625
14.641608,-1896.491333
14.637539,-1853.221436
14.633470,-2241.150391
14.629400,-1651.184204
14.625331,-1873.432495
14.621262,-1675.042969
14.617192,-2366.810303
14.613123,-1502.922852
14.609054,-1730.299316
14.604984,-1577.245850
14.600914,-1859.983032
14.596845,-2128.262695
14.592775,-1784.612915
14.588706,-2393.612061
14.584637,-2000.671631
14.580567,-1381.525757
14.576498,-1836.554199
14.572429,-1636.969116
14.568359,-1730.637817
14.564290,-2291.520508
14.560221,-1687.698730
14.556151,-2275.503662
14.552082,-1550.572266
14.548013,-1589.308350
14.543943,-1608.185669
14.539874,-1842.489258
14.535805,-2568.889893
14.531735,-1969.897217
14.527666,-1645.458740
14.523597,-2098.914551
14.519526,-1904.225342
14.515457,-2271.785400
14.511388,-2149.772461
14.507318,-1894.007935
14.503249,-1686.720337
14.499180,-2043.801147
14.495111,-1835.123413
14.491041,-2047.635254
14.486972,-2317.029785
14.482903,-1619.352783
14.478833,-2068.632568
14.474764,-1791.421875
14.470695,-1691.192871
14.466625,-1844.985962
14.462556,-2111.294922
14.458487,-2549.241211
14.454417,-1433.951904
14.450348,-2024.215088
14.446279,-2128.331299
14.442209,-2155.694824
14.438139,-2092.384766
14.434070,-2246.936768
14.430000,-2148.608887
14.425931,-1953.903931
14.421862,-2334.496338
14.417792,-2154.238281
14.413723,-2220.552490
14.409654,-1941.599243
14.405584,-2464.134277
14.401515,-1827.279541
14.397446,-2341.461426
14.393376,-2126.602783
14.389307,-2133.731445
14.385238,-2115.539795
14.381168,-2200.232422
14.377099,-1972.889282
14.373030,-2263.095459
14.368960,-2053.571777
14.364891,-2029.607056
14.360821,-2442.604980
14.356751,-1742.466309
14.352682,-2291.786865
14.348613,-1827.000488
14.344543,-2250.296875
14.340474,-2665.038330
14.336405,-2009.292603
14.332335,-2111.377686
14.328266,-1820.896240
14.324197,-2325.262207
14.320127,-2131.388428
14.316058,-2275.766357
14.311989,-2536.188477
14.307920,-2131.522461
14.303850,-2255.464355
14.299781,-1864.815796
14.295712,-2089.042725
14.291642,-2762.194580
14.287573,-2407.066162
14.283503,-1994.701660
14.279433,-2306.401123
14.275364,-2444.451904
14.271295,-2477.218506
14.267225,-2385.794189
14.263156,-2456.194336
14.259087,-2432.932129
14.255017,-1847.238037
14.250948,-1856.224243
14.246879,-2109.942139
14.242809,-1981.817993
14.238740,-1937.709106
14.234671,-2091.495850
14.230601,-2479.609131
14.226532,-2382.184326
14.222463,-2211.472900
14.218393,-2154.612305
14.214324,-2418.708252
14.210255,-2494.662109
14.206185,-2261.217041
14.202116,-2229.340088
14.198046,-2367.104736
14.193976,-2201.922119
14.189907,-2233.499268
14.185838,-2243.570801
14.181768,-2009.717529
14.177699,-2374.043213
14.173630,-1953.753662
14.169560,-2044.590576
14.165491,-2127.563721
14.161422,-2214.398682
14.157352,-1983.106689
14.153283,-2178.701172
14.149214,-2535.383789
14.145144,-2018.963501
14.141075,-2266.157471
14.137006,-1960.508057
14.132936,-2432.975830
14.128867,-2588.024902
14.124798,-2319.601318
14.120728,-1879.286133
14.116658,-2077.617188
14.112589,-2669.836182
14.108520,-2239.922852
14.104450,-2512.286133
14.100381,-2125.112793
14.096312,-2612.158447
14.092242,-1809.476318
14.088173,-2272.918457
14.084104,-2189.268555
14.080034,-2248.252197
14.075965,-2776.905518
14.071896,-2257.328125
14.067826,-1985.920898
14.063757,-1942.755371
14.059688,-1989.958374
14.055618,-2341.932373
14.051549,-1816.445435
14.047480,-2332.660645
14.043409,-2435.640625
14.039341,-2517.564453
14.035271,-2111.562256
14.031201,-2604.577148
14.027132,-2595.691406
14.023063,-2747.866699
14.018993,-2414.666748
14.014924,-2117.544189
14.010855,-1996.846680
14.006785,-2067.752930
14.002716,-2455.250244
13.998647,-2398.004883
13.994577,-2456.372559
13.990508,-2194.640625
13.986439,-2142.762451
13.982369,-2010.728394
13.978300,-2426.289795
13.974231,-2326.265869
13.970161,-2504.888184
13.966092,-2457.820801
13.962023,-2378.380127
13.957952,-2626.823242
13.953883,-2366.423828
13.949814,-2455.880859
13.945745,-2438.520752
13.941675,-1944.318481
13.937606,-2344.028320
13.933537,-2310.787109
13.929467,-2487.679199
13.925398,-2448.651123
13.921329,-2178.633545
13.917259,-2204.757324
13.913190,-2606.594727
13.909121,-2110.953125
13.905051,-2135.027588
13.900982,-2347.684814
13.896913,-2343.428223
13.892843,-2230.186279
13.888774,-2019.481934
13.884705,-1973.287476
13.880634,-1809.741577
13.876565,-2330.691650
13.872496,-2167.965820
13.868426,-2696.354004
13.864357,-2063.658691
13.860288,-2443.776611
13.856218,-2029.400391
13.852149,-2095.006836
13.848080,-2048.260986
13.844010,-2234.202148
13.839941,-2235.667236
13.835872,-1696.644775
13.831802,-2260.074219
13.827733,-2427.464111
13.823664,-2374.183838
13.819594,-2312.622803
13.815525,-2207.044189
13.811456,-2608.084473
13.807386,-2328.661865
13.803316,-2166.581055
13.799248,-2220.806152
13.795177,-1784.561523
13.791108,-2340.229004
13.787039,-2390.557617
13.782969,-2105.045654
13.778900,-2349.334473
13.774831,-2256.719727
13.770761,-2116.933105
13.766692,-2264.164307
13.762623,-2349.229004
13.758554,-2135.350586
13.754484,-2333.769287
13.750415,-2367.797852
13.746346,-2421.944336
13.742276,-2384.646973
13.738207,-2520.650146
13.734138,-2615.402100
13.730068,-2261.971191
13.725999,-2521.729248
13.721930,-1857.598511
13.717859,-2033.747925
13.713790,-2086.688477
13.709721,-2546.196533
13.705651,-2054.636230
13.701582,-2374.254883
13.697513,-2073.459961
13.693443,-2139.260986
13.689374,-2195.640381
13.685305,-2358.145508
13.681235,-2116.794922
13.677166,-2456.571777
13.673097,-2555.453369
13.669027,-2724.393555
13.664958,-2360.133057
13.660889,-2637.108154
13.656819,-2570.915527
13.652750,-2340.410645
13.648681,-2594.691895
13.644611,-2245.986328
13.640541,-2947.189697
13.636473,-2099.099121
13.632402,-2112.747559
13.628333,-2026.512817
13.624264,-2107.582031
13.620194,-2510.516357
13.616125,-2416.214844
13.612056,-2543.751465
13.607986,-2168.946045
13.603917,-2353.222900
13.599848,-2302.831055
13.595778,-2234.678467
13.591709,-2077.539551
13.587640,-1992.256226
13.583570,-2640.045166
13.579501,-2245.458008
13.575432,-2317.083740
13.571362,-2387.712402
13.567293,-2482.660645
13.563223,-2064.923096
13.559155,-2503.934814
13.555084,-2426.717773
13.551015,-2387.158203
13.546946,-2570.218506
13.542876,-2821.571045
13.538807,-2403.245361
13.534738,-2376.616211
13.530668,-2641.528564
13.526599,-2510.622070
13.522530,-2217.146484
13.518460,-2567.576904
13.514391,-2357.739990
13.510322,-2122.429932
13.506252,-3041.721436
13.502183,-1993.757202
13.498114,-2506.392578
13.494044,-2233.228271
13.489975,-2408.341309
13.485905,-2754.818604
13.481836,-2515.216553
13.477766,-2416.459961
13.473697,-2308.992920
13.469627,-2330.545654
13.465558,-2284.715576
13.461489,-2611.604980
13.457419,-2063.045166
13.453350,-2648.209717
13.449281,-2387.038818
13.445211,-1826.787720
13.441142,-2726.111328
13.437073,-2310.455078
13.433003,-2655.055420
13.428934,-2260.797119
13.424865,-2294.142578
13.420795,-1658.286743
13.416726,-2489.111084
13.412657,-2376.864014
13.408587,-2599.147949
13.404518,-2639.903076
13.400448,-2327.545898
13.396379,-2128.718506
13.392309,-2407.881836
13.388240,-2040.493408
13.384171,-2495.169922
13.380101,-2281.051025
13.376032,-2322.280518
13.371963,-2122.400635
13.367893,-2118.330078
13.363824,-2820.551270
13.359755,-2246.509521
13.355685,-2368.278320
13.351616,-2443.257324
13.347547,-2327.100098
13.343477,-2778.669678
13.339408,-2372.000244
13.335339,-2043.716919
13.331269,-2496.277588
13.327200,-2172.020264
13.323130,-2530.610840
13.319061,-2230.348633
13.314991,-2762.128174
13.310922,-2817.964111
13.306852,-2432.565674
13.302783,-1770.629883
13.298714,-2662.411133
13.294644,-2254.976563
13.290575,-2425.662109
13.286506,-2418.415527
13.282436,-2602.719238
13.278367,-2502.195557
13.274298,-2381.692139
13.270228,-2178.607422
13.266159,-2453.755615
13.262090,-2305.321045
13.258020,-2687.527100
13.253951,-2183.355225
13.249882,-2203.336426
13.245812,-2304.871582
13.241743,-2235.497070
13.237673,-2603.440918
13.233603,-2709.176270
13.229534,-2407.964600
13.225465,-2286.873535
13.221395,-2471.571289
13.217326,-2814.809814
13.213257,-2534.775879
13.209188,-2316.454102
13.205118,-2328.997314
13.201049,-3081.071533
13.196980,-2803.947510
13.192910,-2335.377930
13.188841,-2813.791504
13.184772,-2283.578613
13.180702,-2661.459717
13.176633,-2368.463379
13.172564,-2646.890381
13.168494,-2542.079834
13.164425,-2838.298828
13.160355,-2109.882324
13.156286,-2526.389648
13.152216,-2218.857422
13.148147,-2074.852783
13.144077,-2578.074951
13.140008,-2466.988525
13.135939,-2511.495605
13.131869,-1926.278564
13.127800,-2541.248291
13.123731,-2423.702393
13.119661,-2477.542480
13.115592,-2371.062744
13.111523,-2394.259033
13.107453,-2441.660400
13.103384,-2622.234131
13.099315,-2645.075684
13.095245,-2533.839355
13.091176,-2497.713135
13.087107,-2476.648193
13.083036,-2206.425293
13.078968,-2745.852051
13.074898,-2328.091797
13.070828,-2073.734619
13.066759,-2733.345703
13.062690,-2229.642090
13.058620,-2167.372803
13.054551,-2251.656250
13.050482,-2649.060547
13.046412,-2729.658447
13.042343,-2351.168701
13.038274,-2188.287109
13.034204,-2359.632568
13.030135,-2457.366699
13.026066,-2723.928711
13.021996,-2241.161865
13.017927,-2639.380127
13.013858,-2273.995117
13.009789,-2387.533691
13.005719,-2455.840576
13.001650,-2520.287598
12.997580,-2266.583008
12.993510,-2713.542969
12.989441,-2307.116943
12.985372,-2648.396973
12.981302,-2345.717773
12.977233,-2861.971436
12.973164,-2204.104248
12.969094,-2481.031494
12.965025,-2469.137451
12.960956,-2284.485840
12.956886,-2498.922363
12.952817,-2435.470459
12.948748,-2613.354248
12.944678,-2366.847656
12.940609,-2407.832031
12.936540,-2413.526367
12.932470,-2169.509766
12.928401,-2521.586914
12.924332,-2490.263428
12.920261,-2120.373047
12.916193,-2535.303223
12.912123,-2602.602051
12.908053,-2381.250732
12.903984,-2600.823975
12.899915,-2371.357666
12.895845,-2160.010498
12.891776,-2316.021729
12.887707,-2517.802490
12.883637,-2500.629395
12.879568,-2451.382568
12.875499,-2693.306885
12.871429,-2475.944580
12.867360,-2298.582520
12.863291,-2530.915527
12.859221,-2447.944092
12.855152,-2477.497314
12.851083,-2263.189697
12.847013,-2553.468750
12.842943,-2731.121582
12.838875,-2589.408691
12.834805,-2511.578125
12.830735,-2393.095215
12.826666,-2574.491699
12.822597,-2823.600342
12.818527,-2367.108154
12.814458,-2784.784912
12.810389,-2442.486328
12.806319,-2461.498535
12.802250,-2651.809570
12.798181,-2523.461426
12.794111,-2836.320557
12.790042,-2374.647949
12.785973,-2418.937988
12.781903,-2387.920166
12.777834,-2366.555420
12.773765,-2603.851807
12.769695,-2570.471924
12.765626,-2465.178955
12.761557,-2579.847168
12.757486,-2669.005127
12.753417,-2032.177124
12.749348,-2275.852295
12.745278,-2493.303711
12.741209,-3057.298096
12.737140,-2395.769043
12.733070,-1976.706665
12.729001,-2455.132568
12.724932,-2179.734131
12.720862,-2401.167236
12.716793,-2662.896484
12.712724,-2270.910889
12.708654,-2629.718262
12.704585,-2560.320313
12.700516,-2382.432129
12.696446,-2350.616943
12.692377,-2477.228516
12.688307,-2571.061523
12.684238,-2189.855957
12.680168,-2539.970459
12.676100,-2826.816406
12.672029,-2363.041504
12.667960,-2517.674805
12.663891,-2663.823730
12.659822,-2386.982422
12.655752,-2384.468750
12.651683,-2357.826660
12.647614,-2461.004639
12.643544,-2267.426758
12.639475,-2430.431885
12.635406,-2809.461670
12.631336,-2662.715088
12.627267,-2529.470703
12.623198,-2333.053711
12.619128,-2289.725342
12.615059,-2360.779053
12.610990,-2627.496582
12.606920,-2682.482422
12.602850,-2489.254150
12.598782,-2700.752197
12.594711,-2505.804688
12.590643,-2603.194336
12.586573,-2371.582275
12.582503,-2597.836182
12.578434,-2402.476318
12.574365,-2631.595459
12.570295,-2348.965820
12.566226,-2388.342529
12.562157,-2600.864746
12.558087,-2230.495850
12.554018,-2239.336914
12.549949,-2509.663330
12.545879,-2489.952881
12.541810,-2800.860840
12.537741,-2695.389160
12.533671,-2424.238525
12.529602,-2492.704834
12.525532,-2030.434448
12.521463,-2353.251465
12.517393,-2216.425049
12.513325,-2452.640625
12.509254,-2847.142090
12.505185,-2676.361572
12.501116,-2577.142822
12.497046,-2180.838623
12.492977,-2268.182617
12.488908,-2797.059570
12.484838,-2454.282715
12.480769,-2302.797607
12.476700,-2213.000000
12.472631,-2405.094482
12.468561,-2439.250000
12.464492,-2734.617920
12.460423,-2203.179443
12.456353,-2725.491455
12.452284,-2638.188232
12.448214,-2432.688477
12.444145,-2290.497314
12.440075,-2202.599365
12.436007,-2625.884766
12.431936,-2800.228760
12.427867,-2577.545166
12.423798,-2349.725586
12.419728,-1808.772095
12.415659,-2644.085938
12.411590,-2521.422852
12.407520,-2416.376953
12.403451,-2389.234131
12.399382,-2411.071045
12.395312,-2377.998291
12.391243,-2564.792480
12.387174,-2530.668945
12.383104,-2644.020996
12.379035,-2885.392090
12.374966,-2337.220947
12.370896,-2454.718018
12.366827,-2036.721680
12.362757,-2639.464355
12.358688,-2261.800537
12.354618,-2324.614990
12.350550,-2816.815918
12.346479,-2890.948730
12.342410,-2307.233643
12.338341,-2890.331055
12.334271,-2534.363525
12.330202,-2419.794434
12.326133,-2773.808594
12.322063,-2398.956299
12.317994,-2661.770020
12.313925,-2726.870361
12.309855,-2512.840820
12.305786,-2497.468994
12.301717,-2203.592041
12.297647,-1972.300659
12.293578,-2749.880615
12.289509,-2706.690918
12.285439,-2507.943115
12.281370,-2186.277588
12.277300,-2566.989258
12.273232,-2587.401367
12.269161,-2621.615967
12.265092,-2284.055664
12.261023,-2345.345703
12.256953,-2285.461182
12.252884,-2475.336914
12.248815,-1881.967041
12.244745,-2628.609863
12.240676,-2585.680420
12.236607,-2693.114014
12.232537,-2309.326416
12.228468,-2264.012939
12.224399,-2559.580566
12.220329,-2307.190674
12.216260,-2494.701904
12.212191,-2856.178467
12.208120,-2636.632813
12.204052,-2486.066162
12.199982,-2370.631348
12.195913,-2603.324707
12.191843,-2881.878906
12.187774,-2939.669678
12.183704,-2388.108154
12.179635,-2391.077148
12.175566,-2656.584473
12.171496,-2599.424072
12.167427,-2569.317139
12.163358,-2392.764893
12.159288,-2384.107910
12.155219,-2151.092285
12.151150,-2978.403564
12.147080,-2391.781982
12.143011,-2544.972900
12.138942,-2540.680176
12.134872,-2835.619385
12.130803,-2483.648193
12.126734,-2828.208740
12.122663,-2562.221924
12.118595,-2578.277100
12.114525,-2578.052490
12.110456,-2309.979248
12.106386,-2403.955322
12.102317,-2836.922852
12.098248,-2796.488281
12.094178,-2592.306641
12.090109,-2454.274414
12.086040,-2476.509033
12.081970,-2691.224854
12.077901,-2241.774658
12.073832,-2519.675537
12.069762,-2205.964600
12.065693,-2663.640869
12.061624,-2209.053467
12.057554,-2392.185547
12.053485,-2730.866455
12.049416,-2597.085205
12.045345,-2622.714111
12.041277,-2444.983154
12.037207,-2398.380859
12.033138,-2886.470459
12.029068,-2816.392334
12.024999,-2547.460938
12.020929,-2873.395752
12.016860,-2538.341797
12.012791,-2037.333862
12.008721,-2346.384277
12.004652,-2756.075439
12.000583,-2255.141602
11.996513,-2383.678955
11.992444,-2439.744141
11.988375,-2401.786377
11.984305,-2423.432617
11.980236,-2515.662842
11.976167,-2418.660400
11.972097,-3127.372070
11.968027,-2706.539063
11.963959,-2674.104248
11.959888,-2513.753418
11.955820,-2301.760986
11.951750,-2490.342773
11.947680,-2520.801025
11.943611,-2614.754150
11.939542,-2482.686523
11.935472,-2541.260742
11.931403,-2551.391113
11.927334,-2535.269043
11.923265,-2634.489502
11.919195,-2779.179688
11.915126,-2275.177734
11.911057,-3008.429443
11.906987,-2687.107666
11.902918,-2634.780029
11.898849,-2240.664551
11.894779,-2538.609375
11.890710,-2379.318604
11.886641,-2454.419922
11.882570,-2251.041992
11.878502,-2587.998535
11.874432,-2485.855469
11.870363,-2543.067139
11.866293,-2752.848145
11.862224,-2199.349365
11.858154,-2825.854492
11.854085,-2406.672119
11.850016,-2584.197266
11.845946,-2474.091064
11.841877,-2775.517334
11.837808,-2463.034668
11.833738,-2583.199951
11.829669,-2732.685547
11.825600,-2523.535156
11.821530,-2709.064941
11.817461,-2919.514648
11.813392,-2595.994385
11.809322,-2503.917236
11.805252,-2604.727783
11.801184,-2191.215576
11.797113,-2447.845459
11.793045,-2001.684814
11.788975,-2685.863525
11.784905,-2134.849121
11.780836,-2419.302246
11.776767,-2632.928711
11.772697,-2612.643311
11.768628,-2624.537354
11.764559,-2529.076660
11.760489,-2478.354980
11.756420,-2623.636475
11.752351,-2081.104736
11.748281,-2791.600342
11.744212,-2543.262939
11.740143,-2726.209717
11.736073,-2633.663574
11.732004,-2512.481934
11.727934,-2641.067871
11.723866,-2466.353027
11.719795,-3147.845459
11.715727,-2889.882080
11.711657,-2397.277100
11.707587,-2499.419678
11.703518,-2548.661377
11.699449,-2738.101807
11.695379,-2483.710205
11.691310,-2414.827637
11.687241,-2470.854004
11.683171,-2556.486328
11.679102,-2838.857178
11.675033,-2074.017578
11.670963,-2175.621582
11.666894,-2558.406494
11.662825,-2603.540771
11.658755,-2924.881104
11.654686,-2253.626221
11.650617,-2628.300537
11.646547,-2507.625732
11.642477,-2436.618652
11.638409,-2773.892334
11.634338,-2645.839844
11.630270,-2552.385986
11.626200,-2575.303467
11.622130,-2322.194824
11.618061,-2280.548096
11.613992,-2596.575684
11.609922,-2566.334473
11.605853,-2694.956787
11.601784,-2420.662109
11.597714,-2558.249512
11.593645,-2540.243164
11.589576,-2601.148682
11.585506,-2677.594238
11.581437,-2508.322754
11.577368,-2512.213867
11.573298,-2360.166748
11.569229,-2365.760986
11.565159,-2860.633545
11.561090,-2158.415283
11.557020,-2508.436035
11.552952,-2770.311768
11.548882,-2230.609619
11.544812,-2896.199219
11.540743,-2694.731201
11.536674,-2755.986328
11.532604,-2189.852539
11.528535,-2334.456543
11.524466,-2614.375488
11.520396,-2545.839111
11.516327,-2432.200195
11.512258,-2891.938965
11.508188,-2006.430542
11.504119,-2659.877686
11.500050,-2419.033691
11.495980,-2600.359131
11.491911,-2411.476318
11.487842,-2466.136963
11.483772,-2662.521973
11.479702,-2565.691895
11.475634,-2562.478516
11.471563,-2591.782471
11.467495,-2739.305176
11.463425,-2326.184082
11.459355,-2871.470215
11.455286,-2807.712646
11.451217,-2214.165527
11.447147,-2422.975098
11.443078,-2765.756592
11.439009,-2665.824219
11.434939,-2238.783691
11.430870,-2490.295898
11.426801,-2524.173340
11.422731,-2358.332275
11.418662,-2628.139893
11.414593,-2454.832031
11.410523,-2870.372070
11.406454,-2381.834717
11.402384,-2603.634277
11.398315,-2232.996094
11.394245,-2381.281494
11.390177,-2507.035889
11.386106,-2451.131836
11.382037,-2722.125244
11.377968,-2009.100830
11.373899,-2313.424072
11.369829,-2610.991943
11.365760,-2454.058594
11.361691,-2808.418701
11.357621,-2353.542725
11.353552,-2857.457520
11.349483,-2574.125000
11.345413,-2063.827881
11.341344,-2675.527344
11.337275,-2033.651489
11.333205,-2220.457520
11.329136,-2698.470947
11.325066,-2518.086182
11.320997,-2438.657227
11.316927,-2611.184814
11.312859,-2630.135498
11.308788,-2561.380859
11.304719,-2497.370850
11.300650,-2765.295898
11.296580,-2657.113525
11.292511,-2583.125977
11.288442,-2391.115234
11.284372,-2966.148682
11.280303,-2744.081787
11.276234,-2710.634277
11.272164,-3176.932617
11.268095,-2782.260986
11.264026,-2666.813232
11.259956,-2645.189941
11.255887,-2368.579590
11.251818,-2463.733154
11.247748,-2676.274414
11.243679,-2405.464111
11.239609,-2320.502930
11.235540,-2444.171631
11.231470,-2644.186035
11.227402,-2935.119141
11.223331,-2326.139648
11.219262,-2482.467529
11.215193,-2748.478027
11.211123,-2708.893555
11.207054,-3053.798584
11.202985,-2203.417969
11.198915,-2394.575195
11.194846,-3068.856445
11.190777,-2443.072021
11.186707,-2645.041992
11.182638,-2513.468262
11.178569,-2699.428223
11.174500,-2167.187500
11.170430,-2542.208984
11.166361,-2377.147217
11.162291,-2527.769043
11.158222,-2702.562744
11.154152,-2291.820313
11.150084,-2804.471191
11.146013,-2437.822021
11.141944,-2376.039063
11.137875,-3094.116699
11.133805,-2456.683838
11.129736,-2302.169922
11.125667,-2685.235352
11.121597,-2694.286621
11.117528,-2214.794189
11.113459,-2632.868896
11.109389,-2481.285645
11.105320,-2507.077148
11.101251,-2730.605469
11.097181,-2568.552002
11.093112,-2893.004883
11.089043,-2320.862549
11.084972,-2276.062744
11.080904,-2691.154053
11.076834,-2306.173584
11.072765,-2390.981445
11.068695,-2775.395752
11.064626,-2542.397461
11.060556,-2546.264160
11.056487,-3171.624512
11.052418,-2439.952637
11.048348,-2674.660400
11.044279,-2755.697510
11.040210,-2863.211426
11.036140,-2367.026367
11.032071,-3241.155273
11.028002,-2675.866455
11.023932,-3014.246094
11.019863,-2241.071777
11.015794,-2031.909180
11.011724,-2300.749756
11.007655,-2847.651855
11.003586,-2524.955322
10.999516,-2550.810059
10.995447,-2314.460205
10.991377,-2355.471436
10.987309,-2442.185303
10.983238,-2749.433838
10.979169,-2599.951416
10.975100,-2180.295166
10.971030,-2462.042969
10.966961,-2668.308105
10.962892,-2672.436035
10.958822,-2978.926270
10.954753,-2698.258057
10.950684,-2830.068115
10.946614,-2580.777344
10.942545,-2895.323975
10.938476,-2569.167969
10.934406,-2695.936279
10.930337,-2067.171387
10.926268,-2506.291260
10.922197,-2528.348389
10.918129,-2656.296631
10.914059,-2734.213867
10.909990,-2670.934814
10.905920,-2644.445068
10.901851,-2768.075439
10.897781,-2782.292725
10.893712,-2519.978516
10.889643,-2578.818359
10.885573,-2641.256348
10.881504,-2458.301514
10.877435,-2407.739258
10.873365,-2667.235840
10.869296,-2596.843018
10.865227,-2518.029053
10.861157,-2672.014648
10.857088,-2874.580811
10.853019,-2580.709229
10.848949,-2519.982422
10.844879,-2759.938477
10.840811,-2709.334717
10.836740,-2558.324219
10.832672,-2891.621338
10.828602,-2812.207031
10.824533,-2238.657227
10.820463,-2369.987305
10.816394,-3132.135986
10.812325,-2554.704346
10.808255,-2889.410645
10.804186,-2834.985352
10.800117,-2936.090820
10.796047,-2654.634277
10.791978,-2700.843994
10.787909,-2378.530029
10.783839,-2596.058105
10.779770,-2806.275879
10.775701,-3022.023926
10.771631,-2711.083740
10.767562,-2655.599609
10.763493,-2998.717773
10.759422,-2831.988525
10.755354,-3066.058594
10.751284,-2478.768066
10.747215,-2957.327881
10.743145,-3034.201904
10.739076,-2788.083496
10.735006,-3991.947266
10.730937,-3508.511963
10.726868,-3304.494385
10.722798,-2470.631104
10.718729,-2672.072510
10.714660,-2758.313721
10.710590,-2419.115479
10.706521,-2553.721924
10.702452,-2810.562988
10.698382,-2518.788330
10.694313,-2489.492432
10.690243,-2530.360107
10.686174,-2606.518311
10.682104,-2620.601074
10.678036,-2510.958984
10.673965,-2815.240234
10.669897,-2755.005371
10.665827,-2719.840088
10.661758,-2697.292725
10.657688,-2124.840088
10.653619,-2431.156006
10.649549,-2544.222412
10.645480,-2577.983643
10.641411,-2814.685303
10.637341,-2922.028809
10.633272,-2374.131104
10.629203,-2475.952881
10.625134,-2718.966064
10.621064,-2619.203369
10.616995,-2735.863770
10.612925,-2702.895020
10.608856,-3048.329590
10.604786,-2457.424316
10.600718,-2665.343994
10.596647,-2531.506592
10.592579,-2154.098145
10.588509,-2374.564209
10.584440,-2338.446777
10.580370,-2670.717773
10.576302,-2783.632568
10.572231,-3057.358154
10.568162,-2724.771484
10.564093,-2578.197021
10.560023,-2786.932861
10.555954,-2659.779785
10.551885,-2703.919922
10.547815,-3080.811035
10.543746,-2497.875244
10.539677,-3015.166260
10.535606,-3047.144287
10.531538,-2825.342773
10.527468,-2247.824219
10.523399,-2651.682617
10.519329,-2158.783691
10.515261,-2734.405273
10.511190,-2727.950928
10.507122,-2486.155029
10.503052,-2706.076416
10.498983,-2616.399414
10.494913,-2468.837402
10.490844,-2305.658203
10.486774,-2730.741943
10.482705,-2506.269043
10.478636,-2835.117432
10.474566,-2609.608643
10.470497,-2161.300537
10.466428,-3017.319092
10.462358,-2623.969482
10.458289,-2450.030029
10.454220,-2769.977295
10.450150,-2658.416016
10.446081,-2220.498779
10.442011,-2796.620605
10.437943,-2931.587891
10.433872,-2457.833496
10.429804,-2790.173584
10.425734,-2435.221924
10.421665,-2950.903809
10.417595,-2679.284912
10.413526,-2349.025635
10.409456,-2809.510986
10.405387,-2066.660645
10.401318,-2495.394287
10.397248,-2768.003174
10.393179,-2849.170410
10.389110,-2741.900879
10.385040,-2456.061768
10.380971,-2330.917236
10.376902,-2341.655518
10.372831,-2484.289551
10.368763,-2480.312256
10.364693,-2582.144043
10.360624,-2083.798096
10.356554,-2465.416260
10.352486,-3028.162598
10.348415,-2675.498291
10.344347,-3084.808350
10.340277,-2674.161865
10.336208,-3117.786377
10.332138,-2644.363525
10.328069,-2903.978271
10.323999,-3083.217529
10.319930,-2264.817383
10.315861,-2277.569580
10.311791,-2572.633789
10.307722,-2760.393799
10.303653,-2591.315186
10.299583,-2537.472168
10.295514,-2872.029541
10.291445,-2627.264648
10.287374,-2537.375488
10.283306,-2703.883301
10.279236,-2447.162354
10.275167,-2676.237061
10.271097,-2458.452637
10.267029,-2245.774902
10.262959,-2535.877197
10.258890,-2631.457520
10.254820,-2683.266602
10.250751,-2730.640137
10.246681,-2681.574707
10.242612,-2627.078125
10.238543,-2497.526123
10.234473,-3026.569092
10.230404,-2711.763672
10.226335,-2289.752930
10.222265,-2656.209717
10.218196,-2760.148193
10.214127,-2729.767578
10.210056,-2525.973633
10.205988,-2985.712158
10.201918,-2566.740967
10.197849,-2761.256836
10.193779,-2746.148926
10.189711,-2702.472412
10.185640,-2627.213623
10.181572,-3034.243896
10.177502,-2854.715332
10.173432,-3182.369873
10.169363,-2464.528076
10.165294,-2390.041748
10.161224,-2511.541504
10.157155,-2717.131836
10.153086,-2786.105225
10.149016,-2441.888428
10.144947,-2790.714844
10.140878,-2566.190918
10.136808,-2594.838379
10.132738,-2595.927002
10.128670,-2589.888672
10.124599,-2684.579834
10.120531,-2450.157715
10.116461,-2879.310303
10.112392,-2791.552490
10.108322,-2896.637695
10.104254,-2411.723145
10.100183,-2284.436035
10.096115,-2426.319092
10.092045,-2944.682373
10.087976,-2652.027832
10.083906,-2853.694580
10.079837,-2747.944092
10.075768,-2424.647461
10.071698,-2401.712158
10.067629,-2481.516602
10.063560,-2596.849365
10.059490,-2517.288330
10.055421,-2895.150391
10.051352,-2737.467285
10.047281,-2845.188232
10.043213,-2804.423096
10.039143,-2639.175293
10.035074,-2641.225098
10.031004,-2727.638916
10.026936,-2152.040039
10.022865,-2902.822266
10.018797,-2804.167725
10.014727,-2156.675537
10.010657,-2623.101074
10.006588,-2635.916992
10.002519,-2632.649414
9.998449,-2520.227051
9.994380,-2270.748779
9.990311,-2672.887695
9.986241,-2706.201172
9.982172,-2857.393555
9.978103,-2927.926025
9.974033,-2606.754883
9.969963,-2766.454590
9.965895,-2707.250732
9.961824,-2897.623047
9.957756,-2488.019531
9.953686,-2200.468750
9.949617,-2499.506104
9.945547,-2639.089355
9.941479,-2442.562988
9.937408,-2683.233887
9.933339,-2914.717285
9.929270,-2441.869141
9.925200,-2828.441650
9.921131,-2711.443359
9.917062,-2443.793701
9.912992,-2568.212158
9.908923,-2740.760986
9.904854,-2435.910400
9.900784,-3088.295898
9.896715,-2565.079346
9.892645,-2582.767578
9.888577,-2303.482422
9.884506,-2681.979248
9.880438,-2539.579590
9.876368,-2475.538330
9.872299,-2799.308105
9.868229,-2537.110596
9.864161,-2360.813477
9.860090,-2337.991455
9.856022,-2711.987793
9.851952,-2340.653076
9.847882,-2677.702881
9.843813,-2838.009277
9.839744,-2438.039795
9.835674,-2753.623779
9.831605,-2636.958496
9.827536,-2609.555176
9.823466,-2496.172852
9.819397,-2740.715088
9.815328,-2663.079102
9.811258,-2825.301758
9.807188,-2257.377686
9.803120,-3031.184570
9.799049,-2832.174316
9.794981,-2651.530518
9.790911,-2403.543945
9.786842,-2597.542725
9.782772,-2272.795410
9.778704,-2256.908447
9.774633,-2801.598145
9.770564,-2976.750244
9.766495,-2789.444824
9.762425,-3186.855713
9.758356,-2987.729980
9.754287,-2835.826416
9.750217,-2849.272705
9.746148,-2797.082520
9.742079,-2774.777344
9.738009,-2473.197510
9.733940,-2816.395508
9.729870,-2659.360352
9.725801,-3194.400391
9.721731,-3210.733643
9.717663,-2646.647705
9.713593,-2889.173584
9.709524,-2516.270752
9.705454,-2756.048584
9.701385,-2387.431152
9.697315,-2422.323730
9.693246,-2579.619141
9.689177,-2717.137207
9.685107,-3199.575195
9.681038,-2466.882080
9.676969,-2838.625244
9.672899,-2585.581543
9.668830,-3295.769775
9.664761,-2686.560303
9.660691,-2566.709717
9.656622,-2784.565674
9.652552,-2358.219482
9.648483,-2779.594971
9.644413,-2952.488037
9.640345,-2969.149170
9.636274,-2506.053711
9.632206,-2604.061523
9.628136,-2452.322754
9.624067,-2566.826416
9.619997,-3032.600830
9.615929,-2645.433838
9.611858,-2553.300049
9.607789,-2137.528564
9.603720,-2665.669189
9.599650,-2667.197021
9.595581,-2719.951172
9.591512,-2616.609863
9.587442,-2828.425049
9.583373,-3087.496094
9.579304,-2534.962891
9.575234,-2601.836426
9.571165,-2493.970215
9.567095,-2515.407715
9.563026,-2850.228516
9.558956,-2554.636963
9.554888,-2641.630615
9.550817,-2720.698730
9.546749,-2676.924805
9.542679,-3033.718262
9.538610,-2638.463379
9.534540,-2624.301758
9.530471,-2837.311523
9.526402,-2650.339844
9.522332,-2267.057861
9.518263,-2675.182373
9.514194,-2992.349365
9.510124,-2334.694824
9.506055,-2228.164307
9.501986,-2529.174316
9.497916,-2820.023682
9.493847,-2213.959473
9.489777,-2232.398682
9.485708,-2630.242188
9.481638,-2583.092285
9.477570,-2697.774170
9.473499,-2584.978516
9.469431,-2279.929932
9.465361,-2469.691650
9.461292,-2712.748291
9.457222,-2718.242188
9.453153,-2687.178223
9.449083,-2730.621094
9.445014,-2509.376953
9.440945,-2793.644775
9.436875,-2888.738037
9.432806,-3224.168213
9.428737,-2765.833740
9.424667,-3110.547119
9.420598,-2535.403320
9.416529,-2783.197998
9.412458,-2733.160400
9.408390,-2608.770020
9.404320,-2596.749756
9.400251,-2491.803223
9.396181,-2890.656494
9.392113,-2547.340088
9.388042,-2995.290283
9.383974,-3184.327148
9.379904,-2498.781494
9.375835,-2595.356445
9.371765,-2587.913574
9.367696,-2592.440186
9.363626,-2281.406738
9.359557,-2732.702148
9.355488,-2848.714844
9.351418,-3006.735596
9.347349,-2620.809082
9.343280,-2678.156494
9.339211,-2710.701660
9.335141,-3014.562988
9.331072,-2467.845459
9.327002,-2689.758789
9.322933,-3344.560059
9.318863,-2543.537109
9.314795,-2672.389893
9.310724,-2817.216309
9.306656,-2472.628662
9.302586,-2682.196777
9.298517,-2750.284668
9.294447,-2857.918213
9.290378,-2497.221436
9.286308,-2594.526367
9.282239,-2596.344971
9.278170,-2210.861084
9.274100,-2462.969727
9.270031,-2390.663330
9.265962,-2762.931885
9.261892,-2582.167236
9.257823,-2848.781494
9.253754,-2581.468506
9.249683,-2847.663574
9.245615,-2741.062988
9.241545,-2519.431396
9.237476,-2573.882080
9.233406,-2329.310303
9.229338,-2637.273438
9.225267,-2933.252686
9.221199,-2623.808594
9.217129,-2852.369873
9.213059,-2989.718750
9.208990,-2753.508545
9.204921,-2517.888184
9.200851,-2175.431885
9.196782,-2861.965576
9.192713,-2498.121582
9.188643,-3091.037109
9.184574,-2549.281738
9.180505,-2950.379150
9.176435,-2582.660889
9.172365,-3105.101318
9.168297,-2411.629150
9.164227,-2657.036865
9.160158,-2479.894287
9.156088,-2768.713623
9.152020,-2416.173584
9.147949,-2613.958008
9.143881,-2633.695801
9.139811,-2381.562500
9.135742,-2725.877197
9.131672,-2661.657715
9.127603,-2874.457031
9.123533,-2567.630859
9.119464,-2910.872314
9.115395,-2597.576904
9.111325,-2708.011475
9.107256,-2866.514648
9.103187,-2230.810791
9.099117,-2535.500977
9.095048,-2450.636475
9.090979,-2632.320068
9.086908,-2405.648926
9.082840,-2630.905762
9.078770,-2778.177979
9.074701,-2706.207764
9.070631,-2745.500488
9.066563,-2719.407227
9.062492,-2031.765503
9.058424,-2748.193604
9.054354,-2711.075195
9.050284,-2604.106689
9.046215,-2726.938232
9.042146,-2621.474121
9.038076,-2695.931641
9.034007,-2578.151123
9.029938,-2360.631104
9.025868,-2804.985107
9.021799,-2920.895996
9.017730,-2340.136475
9.013660,-2690.815674
9.009590,-2390.910889
9.005522,-2492.651611
9.001451,-2492.590576
8.997383,-2398.721680
8.993313,-2405.910400
8.989244,-2441.113037
8.985174,-3117.053711
8.981106,-2379.712402
8.977036,-2451.817871
8.972966,-2842.445801
8.968897,-2573.570557
8.964828,-2475.853027
8.960758,-2510.460693
8.956689,-2686.994873
8.952620,-2596.095215
8.948550,-2559.933105
8.944481,-2641.163330
8.940412,-2898.566895
8.936342,-2767.954590
8.932272,-2573.869873
8.928204,-2442.852783
8.924133,-2955.234863
8.920065,-2349.959717
8.915995,-2815.894043
8.911926,-2315.155273
8.907856,-3037.144531
8.903788,-2893.676270
8.899717,-2660.892090
8.895649,-2622.850342
8.891579,-2669.746338
8.887509,-2346.855225
8.883440,-2538.825928
8.879371,-2794.662354
8.875301,-2520.963623
8.871232,-2545.245850
8.867163,-2461.229492
8.863093,-2799.882813
8.859024,-3088.440674
8.854955,-2697.308350
8.850885,-2895.347900
8.846815,-2897.398438
8.842747,-2932.269043
8.838676,-2684.136475
8.834608,-2648.217773
8.830538,-2859.837646
8.826469,-2792.569092
8.822399,-2772.389648
8.818331,-3223.277832
8.814260,-2322.552002
8.810191,-2483.330566
8.806122,-2630.447998
8.802052,-2472.277832
8.797983,-2392.386719
8.793914,-2959.280029
8.789845,-3124.750977
8.785775,-2696.973389
8.781706,-2566.480225
8.777637,-3038.683105
8.773567,-2437.583984
8.769497,-2649.627197
8.765429,-2738.419922
8.761358,-2750.899658
8.757290,-2359.646973
8.753220,-3026.965576
8.749151,-2587.401611
8.745081,-2855.667480
8.741013,-2511.697266
8.736942,-2658.204590
8.732873,-2434.800781
8.728804,-2513.834717
8.724734,-2714.537109
8.720665,-2606.842529
8.716596,-2583.065430
8.712526,-3049.988770
8.708457,-2689.585938
8.704388,-2603.837891
8.700318,-2582.049316
8.696249,-2593.933350
8.692179,-2441.479004
8.688110,-2828.302979
8.684040,-2228.356201
8.679972,-2894.214600
8.675901,-2865.182373
8.671833,-2828.062012
8.667763,-2479.018311
8.663694,-2747.971436
8.659624,-2760.828125
8.655556,-2764.321045
8.651485,-2887.576904
8.647416,-2595.535645
8.643347,-2555.332275
8.639277,-2496.210449
8.635208,-2375.584229
8.631139,-2716.747314
8.627069,-2507.221680
8.623000,-2411.948242
8.618931,-3306.842773
8.614861,-2460.076416
8.610792,-2712.561523
8.606722,-2527.253418
8.602654,-2763.434814
8.598583,-2671.904053
8.594515,-2678.168457
8.590445,-2450.795898
8.586376,-2852.210938
8.582306,-2814.050293
8.578238,-2599.290039
8.574167,-2363.036621
8.570098,-2272.516357
8.566029,-2903.502441
8.561959,-2747.926758
8.557890,-2756.779297
8.553821,-2864.226074
8.549751,-2774.993896
8.545682,-2499.986084
8.541613,-2857.328125
8.537543,-3129.528564
8.533474,-2982.632568
8.529404,-2196.547607
8.525335,-2735.456543
8.521265,-2981.063477
8.517197,-2715.797363
8.513126,-2415.936768
8.509058,-2852.195068
8.504988,-2592.448242
8.500919,-2482.204834
8.496849,-2458.704590
8.492781,-2657.827881
8.488710,-2579.980469
8.484641,-2866.502197
8.480572,-2796.719971
8.476502,-2815.423340
8.472433,-2735.509277
8.468364,-2592.307617
8.464294,-2422.732178
8.460225,-2256.250977
8.456156,-2860.057373
8.452085,-2428.015869
8.448017,-2524.937012
8.443947,-2798.995361
8.439878,-2387.333984
8.435808,-2956.572998
8.431740,-2901.115479
8.427670,-2400.862549
8.423601,-2878.733398
8.419531,-2967.431641
8.415462,-2924.251953
8.411392,-2890.815430
8.407323,-2663.447021
8.403254,-2723.778809
8.399184,-2314.866699
8.395115,-2317.960693
8.391046,-2271.183105
8.386976,-2768.742920
8.382907,-2553.574463
8.378838,-2703.008057
8.374768,-2713.808594
8.370699,-3036.941162
8.366629,-2717.837402
8.362560,-2718.525146
8.358490,-2582.374023
8.354422,-2330.840820
8.350351,-2749.190430
8.346283,-2721.833740
8.342213,-2881.256592
8.338144,-2748.964355
8.334074,-2924.499756
8.330005,-2634.377441
8.325935,-2893.790039
8.321866,-2991.734375
8.317797,-2522.145020
8.313727,-2871.322754
8.309658,-2809.925781
8.305589,-2963.327393
8.301519,-2831.096191
8.297450,-2337.858643
8.293381,-2272.130859
8.289310,-2688.850342
8.285242,-2530.818115
8.281172,-3010.134521
8.277103,-2754.438721
8.273033,-2576.885254
8.268965,-2790.413574
8.264894,-3032.760986
8.260826,-2804.519043
8.256756,-2854.204102
8.252687,-2326.033936
8.248617,-2767.493652
8.244548,-2763.366699
8.240479,-2354.523926
8.236409,-2815.476318
8.232340,-2588.424561
8.228271,-2770.668945
8.224201,-2547.870361
8.220132,-2501.237305
8.216063,-2582.129395
8.211993,-2767.274902
8.207924,-2559.771973
8.203854,-2718.199219
8.199785,-2893.746826
8.195715,-2983.455811
8.191647,-2730.472900
8.187576,-2560.933594
8.183508,-2768.640869
8.179438,-2675.633301
8.175369,-2539.849121
8.171299,-2906.046387
8.167230,-2912.603027
8.163160,-2700.503906
8.159091,-3040.655029
8.155022,-2533.992676
8.150952,-2901.267334
8.146883,-3106.720703
8.142814,-2769.169434
8.138744,-2630.974365
8.134675,-2843.240723
8.130606,-2332.705078
8.126535,-2397.162109
8.122467,-2952.410889
8.118397,-2772.308350
8.114328,-2582.163086
8.110258,-2962.466797
8.106190,-2973.719727
8.102119,-2888.405518
8.098051,-2687.138672
8.093981,-2574.884521
8.089911,-2796.456543
8.085842,-2491.270020
8.081773,-2565.172119
8.077703,-2572.338623
8.073634,-2390.853760
8.069565,-2295.001465
8.065495,-2863.364502
8.061426,-2794.044922
8.057357,-2602.182373
8.053288,-2535.227295
8.049217,-2623.772949
8.045149,-2641.513428
8.041079,-2645.883545
8.037010,-2776.058105
8.032940,-2533.524658
8.028872,-2796.388184
8.024801,-2390.452393
8.020733,-2569.333496
8.016663,-2772.347900
8.012594,-2460.784180
8.008524,-2665.309570
8.004455,-3229.921631
8.000385,-2858.104004
7.996316,-2705.546875
7.992247,-3337.316162
7.988177,-2458.013428
7.984108,-2816.567383
7.980039,-2817.351563
7.975969,-2923.858398
7.971900,-2473.908447
7.967830,-2492.250732
7.963761,-3041.562012
7.959692,-2902.753174
7.955622,-2994.698486
7.951553,-2733.614746
7.947484,-2520.850830
7.943414,-2567.410889
7.939345,-2913.967773
7.935276,-2384.653809
7.931206,-2507.757813
7.927136,-2329.655762
7.923067,-2303.289307
7.918998,-2376.920654
7.914928,-2083.059326
7.910859,-2682.781494
7.906790,-2933.766846
7.902720,-2574.322754
7.898651,-2585.063721
7.894582,-2603.857422
7.890512,-2979.806885
7.886443,-2589.909180
7.882373,-2776.704346
7.878304,-2564.704102
7.874235,-2682.909668
7.870165,-2575.437256
7.866096,-2896.744873
7.862027,-2496.070313
7.857957,-2833.495850
7.853888,-2529.546631
7.849818,-2618.837891
7.845749,-2303.775635
7.841680,-3128.562500
7.837610,-2596.382568
7.833541,-2667.163818
7.829472,-2919.641846
7.825402,-3046.541260
7.821333,-2651.083984
7.817264,-2818.682861
7.813194,-2875.739502
7.809124,-2646.788818
7.805055,-2943.620361
7.800986,-3053.091797
7.796916,-2885.160156
7.792847,-2922.445068
7.788778,-2830.643066
7.784708,-2717.955811
7.780639,-2570.551514
7.776570,-2834.492432
7.772501,-2628.566895
7.768431,-2738.156250
7.764361,-3050.025391
7.760292,-2802.087891
7.756223,-2805.901611
7.752153,-2259.878418
7.748084,-3248.777344
7.744015,-2646.672363
7.739945,-2807.903809
7.735876,-2823.432129
7.731807,-2641.104980
7.727737,-2271.805664
7.723668,-2690.215820
7.719598,-2620.952393
7.715529,-2813.429199
7.711460,-2484.028076
7.707390,-2305.210205
7.703321,-2956.475586
7.699252,-3040.759033
7.695182,-2980.082031
7.691113,-2551.218262
7.687043,-3016.316162
7.682974,-3067.663818
7.678905,-2566.877930
7.674835,-2461.506836
7.670766,-2502.360596
7.666697,-2606.926270
7.662627,-2710.666016
7.658558,-2515.352051
7.654489,-2743.484375
7.650419,-2526.104004
7.646349,-2317.657471
7.642280,-2803.393311
7.638211,-2630.887939
7.634141,-2822.996582
7.630072,-2827.483154
7.626003,-2708.963623
7.621933,-2311.208496
7.617864,-2449.362061
7.613795,-2237.376709
7.609725,-2714.272705
7.605656,-2567.035645
7.601586,-2457.352539
7.597517,-2637.802979
7.593448,-2672.684814
7.589378,-3276.304443
7.585309,-2730.917725
7.581240,-2775.922852
7.577170,-2759.743896
7.573101,-2894.960693
7.569031,-2222.918213
7.564962,-2708.793701
7.560893,-2718.473877
7.556823,-2673.225342
7.552754,-2581.009766
7.548685,-2664.412109
7.544615,-3153.961426
7.540546,-2745.698242
7.536477,-2629.374756
7.532407,-2607.424316
7.528337,-2756.533447
7.524268,-2532.995117
7.520199,-3019.543457
7.516129,-2559.632080
7.512060,-2771.627686
7.507991,-2668.403809
7.503922,-2431.364258
7.499852,-2561.221680
7.495783,-2611.987793
7.491714,-2715.604248
7.487644,-2936.897949
7.483574,-2778.403809
7.479505,-2575.312988
7.475436,-2619.914551
7.471366,-2634.476563
7.467297,-2395.319092
7.463228,-3008.072266
7.459158,-2645.679932
7.455089,-2540.826660
7.451020,-3151.963135
7.446950,-2250.125000
7.442881,-2338.977783
7.438811,-2529.332520
7.434742,-2388.502197
7.430673,-3011.772949
7.426603,-2684.190430
7.422534,-2928.505859
7.418465,-2323.846436
7.414395,-3148.498535
7.410326,-2467.953857
7.406256,-2469.848633
7.402187,-2931.519775
7.398118,-2625.557617
7.394048,-2668.967773
7.389979,-2833.379883
7.385910,-2570.421143
7.381840,-2670.978760
7.377771,-2668.934570
7.373702,-2705.331299
7.369632,-2983.374268
7.365562,-2674.531738
7.361493,-2790.389160
7.357424,-2448.121582
7.353354,-2578.675781
7.349285,-1989.537476
7.345216,-1396.260864
7.341146,1890.542480
7.337077,-1073.906860
7.333008,-1938.994141
7.328938,-2488.571777
7.324869,-2592.030273
7.320799,-2705.364014
7.316730,-2508.077393
7.312661,-2354.023193
7.308591,-2480.886230
7.304522,-2502.407959
7.300453,-2853.254883
7.296383,-2607.893311
7.292314,-2696.861084
7.288244,-2367.193115
7.284175,-2698.261963
7.280106,-2547.656982
7.276036,-2538.243408
7.271967,-2979.304688
7.267898,-2490.645264
7.263828,-2531.531738
7.259759,-2600.728516
7.255690,-2553.266357
7.251620,-2481.696045
7.247550,-2653.102051
7.243481,-2336.208740
7.239412,-2570.667236
7.235343,-2230.321289
7.231273,-3184.868652
7.227204,-2405.578857
7.223135,-2705.309082
7.219065,-2523.023926
7.214996,-2539.891846
7.210927,-2937.463135
7.206857,-2368.014160
7.202787,-2317.558838
7.198718,-2628.558105
7.194649,-2108.436279
7.190579,-3049.502686
7.186510,-2518.075195
7.182441,-2373.041016
7.178371,-2618.461914
7.174302,-2498.106201
7.170233,-2373.109619
7.166163,-2737.174072
7.162094,-2771.785889
7.158024,-2274.450684
7.153955,-2514.688721
7.149886,-2460.508545
7.145816,-2731.696289
7.141747,-2445.411377
7.137678,-2435.553955
7.133608,-2423.221680
7.129539,-2502.321777
7.125469,-2708.573730
7.121400,-2648.413086
7.117331,-2589.442383
7.113261,-3068.124268
7.109192,-2806.429199
7.105123,-3181.021973
7.101053,-2630.041748
7.096984,-2613.874512
7.092915,-2178.089600
7.088845,-2455.376709
7.084775,-2563.509766
7.080706,-2583.651855
7.076637,-2514.598145
7.072567,-2504.037109
7.068498,-2894.156738
7.064429,-2304.747803
7.060359,-2775.383301
7.056290,-2574.998047
7.052221,-2816.126465
7.048151,-2595.628174
7.044082,-2863.947754
7.040012,-2385.901611
7.035943,-2897.845947
7.031874,-2232.530518
7.027804,-2657.795410
7.023735,-2719.618896
7.019666,-2653.595459
7.015596,-2715.227295
7.011527,-2600.269775
7.007457,-2793.990479
7.003388,-2659.278076
6.999319,-2842.555420
6.995249,-2719.352051
6.991180,-3129.369629
6.987111,-2738.854248
6.983041,-2175.529541
6.978972,-2638.089600
6.974903,-3064.846924
6.970833,-2443.155518
6.966763,-2625.727051
6.962694,-3029.849854
6.958625,-2832.442383
6.954556,-2730.916504
6.950486,-2549.244629
6.946417,-2705.666992
6.942348,-2676.355469
6.938278,-2686.486328
6.934209,-2360.311768
6.930140,-3029.266113
6.926070,-2172.286621
6.922000,-2173.827393
6.917931,-3091.605225
6.913862,-2609.813477
6.909792,-2370.632568
6.905723,-2612.841553
6.901654,-2799.714111
6.897584,-2442.711182
6.893515,-2293.223389
6.889445,-1708.790771
6.885376,-1234.862183
6.881307,-1374.270874
6.877237,-1991.314209
6.873168,-2340.852783
6.869099,-2807.166260
6.865029,-2735.072754
6.860960,-2349.542969
6.856891,-2980.418701
6.852821,-2603.513672
6.848752,-2517.039551
6.844682,-2616.072266
6.840613,-2223.440186
6.836544,-2644.537598
6.832474,-2653.749512
6.828405,-3157.307129
6.824336,-2614.856445
6.820266,-2695.526123
6.816197,-2565.246338
6.812128,-2913.015625
6.808058,-2751.377930
6.803988,-2751.604004
6.799919,-2824.844482
6.795850,-3057.173340
6.791780,-3057.736328
6.787711,-2924.444824
6.783642,-2710.454834
6.779572,-2702.351318
6.775503,-2675.925049
6.771434,-3016.344971
6.767364,-2282.330811
6.763295,-2875.768066
6.759225,-2912.885254
6.755156,-2913.353516
6.751087,-2800.574219
6.747017,-2601.054688
6.742948,-2622.629150
6.738879,-2489.791748
6.734809,-2812.519043
6.730740,-2494.270020
6.726670,-2678.376953
6.722601,-2725.399414
6.718532,-3164.516357
6.714462,-2492.639648
6.710393,-2228.590088
6.706324,-2817.522705
6.702254,-3287.686035
6.698185,-2871.497314
6.694116,-2786.655273
6.690046,-2791.795166
6.685977,-2748.507080
6.681908,-2739.871094
6.677838,-2371.762939
6.673769,-2157.741943
6.669700,-2388.175049
6.665629,-2915.668701
6.661560,-2338.511230
6.657491,-2402.661621
6.653421,-2617.797119
6.649352,-2763.049561
6.645283,-2720.108643
6.641213,-2706.339844
6.637144,-2886.389160
6.633075,-2349.789307
6.629005,-2852.455566
6.624936,-2755.971680
6.620867,-2444.528076
6.616797,-2731.847168
6.612728,-2847.160156
6.608659,-2477.638428
6.604589,-2779.482178
6.600520,-2479.153320
6.596451,-2648.906982
6.592381,-2731.484619
6.588311,-2808.309326
6.584242,-2581.800293
6.580173,-2459.155518
6.576103,-2343.552734
6.572034,-2638.614746
6.567965,-2509.077637
6.563895,-2531.728027
6.559826,-2077.599121
6.555757,-2469.698730
6.551687,-2198.947510
6.547618,-2513.817383
6.543549,-2455.945801
6.539479,-2405.553955
6.535410,-2446.255127
6.531341,-2538.987793
6.527271,-2571.455322
6.523202,-2561.654297
6.519133,-2149.869629
6.515063,-2706.335938
6.510994,-2784.376953
6.506924,-2713.970947
6.502854,-2513.885254
6.498785,-2643.622070
6.494716,-2729.995117
6.490646,-2990.305176
6.486577,-2332.419434
6.482508,-2667.083008
6.478438,-2615.009033
6.474369,-2578.070557
6.470300,-2516.421387
6.466230,-2807.682373
6.462161,-2723.428955
6.458092,-2820.448975
6.454022,-2443.897949
6.449953,-2800.427002
6.445884,-2928.724609
6.441814,-2867.370850
6.437745,-2761.976074
6.433676,-2509.141602
6.429606,-3002.632568
6.425536,-2770.828613
6.421467,-2388.475586
6.417397,-2724.349121
6.413328,-3025.940186
6.409259,-2854.026367
6.405190,-2946.826660
6.401120,-2484.237305
6.397051,-2769.572754
6.392982,-2419.751709
6.388912,496.789856
6.384843,-2857.296875
6.380774,-2540.839355
6.376704,-2833.921143
6.372635,-2684.974609
6.368566,-2710.848877
6.364496,-2429.452148
6.360427,-2554.014404
6.356358,-2997.081055
6.352288,-2524.979248
6.348218,-2612.807129
6.344149,-2876.360596
6.340079,-2188.765381
6.336010,-2027.504028
6.331941,-2505.420898
6.327871,-2648.198975
6.323802,-2179.434082
6.319733,-2516.605957
6.315663,-2277.708740
6.311594,-2967.775635
6.307525,-2311.736572
6.303455,-2520.986084
6.299386,-2772.292480
6.295317,-2601.839600
6.291247,-2769.843994
6.287178,-2608.958740
6.283109,-2582.872070
6.279039,-2692.051758
6.274970,-2217.166016
6.270901,-2285.030273
6.266830,-2803.359863
6.262761,-2451.415771
6.258692,-2597.394775
6.254622,-2601.079346
6.250553,-2319.468994
6.246484,-2761.079102
6.242414,-2507.754639
6.238345,-3026.179443
6.234276,-2614.461670
6.230206,-2279.995850
6.226137,-3026.089844
6.222068,-2840.372559
6.217999,-2068.020508
6.213929,-2395.674805
6.209860,-2568.507080
6.205791,-2670.183594
6.201721,-2408.820313
6.197652,-2088.494141
6.193583,-2616.630127
6.189513,-2696.752686
6.185443,-2582.834961
6.181374,-2121.817627
6.177304,-2679.230713
6.173235,-2519.637695
6.169166,-2346.851807
6.165096,-2353.400391
6.161027,-2457.254395
6.156958,-2500.922852
6.152888,-2256.599365
6.148819,-2823.612549
6.144750,-2510.927002
6.140680,-2707.338623
6.136611,-2244.229248
6.132542,-2644.616455
6.128472,-2712.224609
6.124403,-2678.860840
6.120334,-2949.854980
6.116264,-2751.330811
6.112195,-2845.777588
6.108125,-2513.645264
6.104055,-2890.029297
6.099986,-2555.698486
6.095917,-2458.911865
6.091847,-2412.998291
6.087778,-2871.986328
6.083709,-2663.320801
6.079639,-3084.917725
6.075570,-2839.460449
6.071501,-2902.007324
6.067431,-2786.186279
6.063362,-2309.542969
6.059293,-2985.980469
6.055223,-2680.704346
6.051154,-3189.237793
6.047085,-2952.773193
6.043015,-2767.899170
6.038946,-3056.984131
6.034877,-2653.811279
6.030807,-3006.327637
6.026737,-2470.666992
6.022668,-2619.036621
6.018599,-2636.610840
6.014529,-2340.100586
6.010460,-2679.291748
6.006391,-2650.134766
6.002321,-2450.333008
5.998252,-2954.198242
5.994183,-3146.838867
5.990113,-3165.935059
5.986044,-2867.036865
5.981975,-2630.861084
5.977905,-3010.306885
5.973836,-2626.372559
5.969767,-2492.310303
5.965697,-2250.295898
5.961628,-2437.467773
5.957559,-2392.701416
5.953489,-2621.533936
5.949420,-2710.767334
5.945350,-2685.539307
5.941280,-2129.216309
5.937211,-2678.665527
5.933142,-2683.179199
5.929072,-2556.883301
5.925003,-2562.860107
5.920934,-2575.184814
5.916864,-2997.224121
5.912795,-2873.643799
5.908726,-2382.916016
5.904656,-2839.786865
5.900587,-2447.043457
5.896518,-2684.966553
5.892448,-2720.514648
5.888379,-2634.976318
5.884310,-2563.187500
5.880240,-2969.141113
5.876171,-2957.819092
5.872102,-2354.509521
5.868032,-2411.292480
5.863962,-2292.125977
5.859893,-2786.338867
5.855824,-2515.869629
5.851754,-2597.533691
5.847685,-2765.740967
5.843616,-2710.583252
5.839546,-2550.274658
5.835477,-2841.395996
5.831408,-2470.593018
5.827338,-2706.797852
5.823269,-2385.648926
5.819200,-2694.384033
5.815130,-2795.614258
5.811061,-2931.881836
5.806992,-2534.734619
5.802922,-2647.610107
5.798853,-2534.691895
5.794784,-2460.329590
5.790714,-2369.354980
5.786644,-2426.373535
5.782575,-2705.530518
5.778505,-2450.316162
5.774436,-2716.332520
5.770367,-2837.802979
5.766297,-1924.499390
5.762228,-2111.419189
5.758159,-2156.884033
5.754089,-2442.883301
5.750020,-1565.039673
5.745951,-136.094437
5.741881,-682.558228
5.737812,-2062.861816
5.733743,-2426.126465
5.729673,-2588.046143
5.725604,-2454.859375
5.721535,-2412.431641
5.717465,-2787.210205
5.713396,-2631.401855
5.709327,-2550.769043
5.705256,-2251.027100
5.701187,-2500.745605
5.697118,-2996.578125
5.693048,-2534.383057
5.688979,-2575.598877
5.684910,-2152.591553
5.680840,-2821.287109
5.676771,-2617.604980
5.672702,-2755.354248
5.668633,-2407.860840
5.664563,-2097.964355
5.660494,-2998.536133
5.656425,-2169.481689
5.652355,-2757.834961
5.648286,-2484.586426
5.644217,-2387.313965
5.640147,-2343.332031
5.636078,-2264.996094
5.632009,-3157.536133
5.627939,-2266.493896
5.623869,-2961.237061
5.619800,-2839.093750
5.615730,-2164.305664
5.611661,-2674.147217
5.607592,-2427.901123
5.603522,-2695.172607
5.599453,-2177.355225
5.595384,-2128.715332
5.591314,-1689.130493
5.587245,-1741.656494
5.583176,-1548.653076
5.579106,-1336.743530
5.575037,-1460.909058
5.570968,-1342.257935
5.566898,-656.882568
5.562829,716.877258
5.558760,1642.144165
5.554690,2529.878418
5.550621,3563.049561
5.546551,4777.654297
5.542481,7135.173828
5.538412,9072.535156
5.534343,11689.372070
5.530273,17951.570313
5.526204,35959.832031
5.522135,84908.765625
5.518065,160549.250000
5.513996,179203.078125
5.509927,112724.453125
5.505857,48463.492188
5.501788,24897.974609
5.497719,16755.482422
5.493649,11963.200195
5.489580,9825.983398
5.485511,9312.854492
5.481441,8611.097656
5.477372,9132.039063
5.473303,7994.197754
5.469234,6633.131348
5.465163,6048.203613
5.461094,5422.697266
5.457025,4940.297852
5.452955,4395.086426
5.448886,3878.177979
5.444817,3867.416748
5.440747,3299.639404
5.436678,3190.061279
5.432609,2833.302490
5.428539,3031.148926
5.424470,3518.653320
5.420401,3332.998291
5.416331,3162.925781
5.412262,3822.323242
5.408193,3630.710449
5.404123,3437.037842
5.400054,2277.774658
5.395985,2644.053711
5.391915,1589.066895
5.387846,1153.274536
5.383776,1386.955078
5.379706,682.049866
5.375637,468.865753
5.371568,148.651489
5.367498,32.598442
5.363429,-98.098213
5.359360,-280.943085
5.355290,-994.307739
5.351221,-1048.209351
5.347152,-1036.596558
5.343082,-1004.852539
5.339013,-1355.765381
5.334944,-1607.710938
5.330874,-1700.949585
5.326805,-1932.964478
5.322736,-1807.550415
5.318666,-2278.706787
5.314597,-2190.248779
5.310528,-1894.506958
5.306458,-2218.725830
5.302388,-2321.183105
5.298319,-2665.259766
5.294250,-2890.886719
5.290180,-3433.287354
5.286111,-4914.240234
5.282042,-3930.976563
5.277972,-3086.064697
5.273903,-2451.943604
5.269834,-2661.858887
5.265764,-2774.539795
5.261695,-2336.593506
5.257626,-2041.779297
5.253556,-2248.520508
5.249487,-2646.744141
5.245418,-2667.906738
5.241348,-2266.802490
5.237279,-2053.653320
5.233210,-2411.999756
5.229140,-2692.444092
5.225070,-2496.877930
5.221001,-2606.035156
5.216931,-2443.908936
5.212862,-2227.273438
5.208793,-2671.324707
5.204723,-2341.570801
5.200654,-2557.332520
5.196585,-2215.023438
5.192515,-2387.673828
5.188446,-2352.164795
5.184377,-2145.305176
5.180307,-2486.190918
5.176238,-2778.919678
5.172169,-2358.669434
5.168099,-2416.455322
5.164030,-2563.514893
5.159961,-2648.982666
5.155891,-2322.322021
5.151822,-2840.892334
5.147753,-2364.935059
5.143682,-2378.395264
5.139613,-2610.013184
5.135544,-2747.465332
5.131474,-1984.033081
5.127405,-2833.080322
5.123336,-2456.799072
5.119267,-2607.099365
5.115197,-2419.602539
5.111128,-2212.027344
5.107059,-2727.621094
5.102989,-2892.418457
5.098920,-2641.732422
5.094851,-2647.441895
5.090781,-2074.970459
5.086712,-2561.248535
5.082643,-2241.288330
5.078573,-2095.285889
5.074504,-2616.763184
5.070435,-2666.832764
5.066364,-2639.630615
5.062295,-3168.509277
5.058226,-2783.785156
5.054156,-2408.786377
5.050087,-2555.497803
5.046018,-2521.138672
5.041948,-2699.601563
5.037879,-2251.291260
5.033810,-2409.520264
5.029740,-2719.911133
5.025671,-2742.285156
5.021602,-2722.210205
5.017532,-3255.160889
5.013463,-2759.522461
5.009394,-2552.776855
5.005324,-2451.317627
5.001255,-2259.705811
4.997186,-2283.169922
4.993116,-2849.519531
4.989047,-2606.334717
4.984977,-2789.828369
4.980907,-2721.266602
4.976838,-1986.413818
4.972769,-2485.113770
4.968699,-2534.737305
4.964630,-2606.444092
4.960561,-2455.539063
4.956491,-2630.814209
4.952422,-2688.032959
4.948353,-2935.055664
4.944283,-2427.895508
4.940214,-2804.555176
4.936145,-2341.480225
4.932076,-2671.785400
4.928006,-2496.862061
4.923937,-2173.325684
4.919868,-2433.549072
4.915798,-2509.655518
4.911729,-2257.260498
4.907660,-2743.742676
4.903589,-2682.441162
4.899520,-2325.215332
4.895451,-2524.618164
4.891381,-2358.830811
4.887312,-2350.031250
4.883243,-2435.995850
4.879173,-2947.320313
4.875104,-2234.330811
4.871035,-2687.921387
4.866965,-2440.322021
4.862896,-2751.129150
4.858827,-2888.613525
4.854757,-2854.510010
4.850688,-2961.947021
4.846619,-2995.302979
4.842549,-2209.749268
4.838480,-2833.134033
4.834411,-2472.313721
4.830341,-2455.277832
4.826271,-2463.991943
4.822202,-2291.552002
4.818132,-2310.419922
4.814063,-2316.941650
4.809994,-2788.442627
4.805924,-2302.580811
4.801855,-2506.997803
4.797786,-2429.148438
4.793716,-2592.517334
4.789647,-2574.827393
4.785578,-2092.898682
4.781508,-2050.065918
4.777439,-2268.410889
4.773370,-2714.703125
4.769300,-2148.226074
4.765231,-2360.312012
4.761162,-2530.254150
4.757092,-2712.426514
4.753023,-2503.048828
4.748954,-2070.349365
4.744884,-2330.364258
4.740814,-2556.070313
4.736745,-2168.374512
4.732676,-2832.194336
4.728606,-1832.663086
4.724537,-2654.510986
4.720468,-2303.105713
4.716398,-2009.309570
4.712329,-2101.092773
4.708260,-2009.099487
4.704190,-1868.822632
4.700121,-1891.175781
4.696052,-2207.151367
4.691982,-2568.035645
4.687913,-2239.698730
4.683844,-2570.653320
4.679774,-1863.489380
4.675705,-1766.622925
4.671636,-1803.811279
4.667566,-2081.315674
4.663496,-1664.322388
4.659427,-1871.058716
4.655357,-2075.397217
4.651288,-2237.989502
4.647219,-2169.487305
4.643149,-1999.839844
4.639080,-1970.533203
4.635011,-2206.526123
4.630941,-2488.229736
4.626872,-2411.535645
4.622803,-2232.488037
4.618733,-2342.192139
4.614664,-1853.713257
4.610595,-2204.644531
4.606525,-2406.593262
4.602456,-2052.439697
4.598387,-2535.709961
4.594317,-2123.647217
4.590248,-2019.686279
4.586179,-2662.053955
4.582108,-2175.945557
4.578039,-2508.636475
4.573970,-2048.915771
4.569901,-2072.811523
4.565831,-2343.040771
4.561762,-2543.885254
4.557693,-2666.164063
4.553623,-2104.527832
4.549554,-2106.810547
4.545485,-2260.700195
4.541415,-2285.767334
4.537346,-2245.413818
4.533277,-2388.718506
4.529207,-2167.428467
4.525138,-2301.021484
4.521069,-2519.539307
4.516999,-2464.037109
4.512930,-2512.734375
4.508861,-2880.429932
4.504790,-3039.407715
4.500721,-2954.638428
4.496652,-2525.555908
4.492582,-3124.156982
4.488513,-2453.419678
4.484444,-2288.086426
4.480374,-2975.443848
4.476305,-2467.371582
4.472236,-2432.431396
4.468166,-2091.944580
4.464097,-2286.809570
4.460028,-2322.718262
4.455958,-2534.905762
4.451889,-2212.869141
4.447820,-2225.879150
4.443750,-2277.195557
4.439681,-2243.222168
4.435612,-2193.779541
4.431542,-2459.914551
4.427473,-2005.756226
4.423403,-2428.808838
4.419333,-1636.743164
4.415264,-2556.463135
4.411195,-1316.273560
4.407125,-2596.043701
4.403056,-2371.668701
4.398987,-2572.194824
4.394917,-1927.762573
4.390848,-2367.187988
4.386779,-2967.588379
4.382710,-2779.899414
4.378640,-2569.881836
4.374571,-2787.637451
4.370502,-2497.074219
4.366432,-3156.440674
4.362363,-2559.288086
4.358294,-2535.489258
4.354224,-2834.857910
4.350155,-2644.283936
4.346086,-2592.028564
4.342015,-2981.053955
4.337946,-2411.852783
4.333877,-2840.248779
4.329807,-2007.891479
4.325738,-2467.532227
4.321669,-2321.391357
4.317599,-2536.313477
4.313530,-2725.297607
4.309461,-2307.656738
4.305391,-2433.678955
4.301322,-2524.052490
4.297253,-2553.518799
4.293183,-2411.292480
4.289114,-2327.444580
4.285045,-2315.605713
4.280975,-2712.341797
4.276906,-2137.232178
4.272837,-2358.848145
4.268767,-2701.729004
4.264697,-2311.846924
4.260628,-2300.311279
4.256558,-2004.985474
4.252489,-2288.628662
4.248420,-2694.713135
4.244350,-2661.629395
4.240281,-2796.228027
4.236212,-2444.844727
4.232142,-2652.824707
4.228073,-2724.761719
4.224004,-2448.163574
4.219934,-2459.262939
4.215865,-2376.381348
4.211796,-2847.355957
4.207726,-2789.386475
4.203657,-2308.885254
4.199588,-2557.412354
4.195518,-2890.488037
4.191449,-2733.752197
4.187380,-3016.012451
4.183310,-2295.099121
4.179240,-2583.596924
4.175171,-2703.926514
4.171102,-2294.608398
4.167032,-2513.846680
4.162963,-2395.050537
4.158894,-2286.192871
4.154824,-2258.006104
4.150755,-1998.899902
4.146686,-1820.837158
4.142616,-1081.339966
4.138547,-1604.808228
4.134478,-1979.488403
4.130408,-3031.503662
4.126339,-2690.481689
4.122270,-2663.982666
4.118200,-2808.824463
4.114131,-2337.232422
4.110062,-2418.145020
4.105992,-2580.364990
4.101922,-2914.845947
4.097853,-2771.035400
4.093783,-2565.519531
4.089714,-2755.418457
4.085645,-2287.602539
4.081575,-2195.115723
4.077506,-3144.605469
4.073437,-2537.182373
4.069367,-2277.503662
4.065298,-2659.515137
4.061229,-2748.526855
4.057159,-2947.363037
4.053090,-2509.633545
4.049021,-2587.860596
4.044951,-2706.518555
4.040882,-2647.656982
4.036813,-2825.715576
4.032743,-3084.686279
4.028674,-2565.319580
4.024604,-2373.530273
4.020535,-2457.411621
4.016465,-2549.445313
4.012396,-2486.377197
4.008327,-2236.934082
4.004257,-2446.889893
4.000188,-2749.625977
3.996119,-2406.827637
3.992049,-2556.593994
3.987980,-2974.472656
3.983911,-2304.492920
3.979841,-2535.668945
3.975772,-2324.335693
3.971703,-2510.365967
3.967633,-2546.551514
3.963564,-2648.160889
3.959495,-2733.833008
3.955425,-2548.838135
3.951356,-2091.799072
3.947287,-2047.710083
3.943216,-2326.806396
3.939147,-2364.362549
3.935078,-2710.951416
3.931008,-2576.278809
3.926939,-2560.587646
3.922870,-2526.694336
3.918800,-2232.202881
3.914731,-2703.618652
3.910662,-2515.522217
3.906592,-2568.956543
3.902523,-1985.822876
3.898454,-2338.255371
3.894384,-2794.573486
3.890315,-2977.505615
3.886246,-2109.219238
3.882176,-2559.961426
3.878107,-2681.691650
3.874038,-2969.020996
3.869968,-1670.446533
3.865899,-2341.797119
3.861829,-2018.318848
3.857759,-2441.364258
3.853690,-2092.699463
3.849621,-2261.757324
3.845551,-1988.628540
3.841482,-1796.387451
3.837413,-1834.234009
3.833344,-1492.625854
3.829274,-1596.560303
3.825205,-1420.818481
3.821136,-2086.117920
3.817066,-2416.516113
3.812997,-2313.538818
3.808928,-1790.028564
3.804858,-1986.475952
3.800789,-2347.612793
3.796720,-2221.141602
3.792650,-2389.788574
3.788581,-2604.265137
3.784512,-2170.590576
3.780441,-2433.156982
3.776372,-2163.152588
3.772303,-2105.557861
3.768233,-1945.540894
3.764164,-2339.606445
3.760095,-2440.305176
3.756025,-2753.186768
3.751956,-2245.268066
3.747887,-2000.841431
3.743817,-2395.697021
3.739748,-2142.380371
3.735679,-1943.005981
3.731609,-1919.238159
3.727540,-2326.212891
3.723471,-2550.676758
3.719401,-2225.065186
3.715332,-1856.117432
3.711263,-2829.162842
3.707193,-1833.075562
3.703123,-2380.307861
3.699054,-1707.839111
3.694984,-1930.302246
3.690915,-1775.446411
3.686846,-1541.198120
3.682776,-1276.470337
3.678707,-1740.154297
3.674638,-155.090759
3.670568,1406.494995
3.666499,217.390289
3.662430,796.759399
3.658360,-234.815430
3.654291,-49.222862
3.650222,1232.643066
3.646152,2156.910889
3.642083,2278.248535
3.638014,2567.375488
3.633945,4234.262207
3.629875,6549.416504
3.625806,12077.092773
3.621736,18220.865234
3.617666,34661.761719
3.613597,40361.457031
3.609528,69318.335938
3.605458,60450.230469
3.601389,85013.273438
3.597320,58159.199219
3.593250,64522.503906
3.589181,36280.132813
3.585112,31079.439453
3.581042,15434.618164
3.576973,11491.974609
3.572904,6718.406738
3.568834,5785.010254
3.564765,4189.378418
3.560696,4332.831543
3.556626,4165.068359
3.552557,4270.920898
3.548488,3360.430664
3.544418,3461.267578
3.540348,2814.468018
3.536279,2408.932617
3.532209,2012.365723
3.528140,2025.026611
3.524071,1375.753296
3.520001,1262.692017
3.515932,1323.741699
3.511863,1256.125244
3.507793,1435.116211
3.503724,1283.278198
3.499655,1365.461426
3.495585,1580.844116
3.491516,925.497009
3.487447,891.315002
3.483377,599.938049
3.479308,109.956512
3.475239,537.981934
3.471169,-353.751526
3.467100,-191.736221
3.463030,-232.534592
3.458961,-723.937866
3.454891,-628.201355
3.450822,-840.054810
3.446753,-1558.491333
3.442683,-1026.819458
3.438614,-1238.098511
3.434545,-1419.281372
3.430475,-1439.341797
3.426406,-1777.596313
3.422337,-1522.987305
3.418267,-2039.979858
3.414198,-2328.737793
3.410129,-2290.874512
3.406059,-1738.455322
3.401990,-2294.022217
3.397921,-2256.070313
3.393851,-2523.726318
3.389782,-2299.435303
3.385713,-2707.426025
3.381642,-2670.059326
3.377573,-2788.825928
3.373504,-3160.150635
3.369434,-3297.756348
3.365365,-2924.532227
3.361296,-3063.602539
3.357226,-2817.304688
3.353157,-2423.076416
3.349088,-2453.479248
3.345018,-2371.118896
3.340949,-2180.129883
3.336880,-2260.991455
3.332810,-2019.491699
3.328741,-1849.695923
3.324672,-2328.810059
3.320602,-1939.863892
3.316533,-2053.362061
3.312464,-1666.945557
3.308394,-1135.456909
3.304325,-1432.891968
3.300255,-492.972137
3.296185,-1135.495117
3.292116,-1190.574341
3.288047,-1526.926270
3.283978,-2102.931152
3.279908,-2318.286621
3.275839,-2485.189697
3.271770,-2115.627197
3.267700,-1980.899292
3.263631,-2336.104980
3.259562,-2059.492432
3.255492,-2626.244385
3.251423,-1794.313843
3.247354,-2567.499268
3.243284,-2316.169678
3.239215,-2030.241333
3.235146,-2030.854980
3.231076,-2467.123535
3.227007,-2222.266113
3.222937,-1899.185547
3.218867,-2463.403564
3.214798,-2479.246582
3.210729,-1925.539551
3.206659,-2327.337158
3.202590,-1804.722290
3.198521,-2293.689453
3.194451,-1814.350464
3.190382,-2030.060181
3.186313,-2043.110718
3.182243,-1991.916870
3.178174,-1770.746460
3.174105,-1675.522461
3.170035,-2200.971436
3.165966,-2191.771240
3.161897,-2334.932861
3.157827,-2612.086914
3.153758,-2337.990479
3.149689,-2254.961914
3.145619,-1868.093628
3.141549,-1932.419556
3.137480,-1486.917236
3.133410,-1882.443115
3.129341,-1362.037476
3.125272,-1272.836792
3.121202,-1854.280396
3.117133,-991.100952
3.113064,1367.832031
3.108994,4801.396484
3.104925,7285.704102
3.100856,3801.376953
3.096786,330.972748
3.092717,-800.045715
3.088648,-670.134155
3.084579,-1570.415283
3.080509,-994.241333
3.076440,-1238.037598
3.072371,-1126.717163
3.068301,-1192.433472
3.064232,-629.130432
3.060162,-875.572632
3.056092,-1706.288940
3.052023,1193.257202
3.047954,-3868.265869
3.043884,2397.792236
3.039815,-3613.375977
3.035746,-90.253426
3.031676,-1891.424561
3.027607,-1747.163330
3.023538,-1619.357056
3.019468,-1842.909668
3.015399,-1591.585693
3.011330,-1214.993408
3.007260,-1276.329590
3.003191,-1567.490845
2.999122,-1285.831421
2.995052,-2062.430176
2.990983,-2105.317139
2.986914,-1757.288208
2.982843,-1790.580322
2.978774,-1715.277466
2.974705,-1650.393921
2.970635,-1223.623291
2.966566,-2187.430420
2.962497,-2765.396973
2.958427,-2955.357422
2.954358,-2089.846680
2.950289,-2259.850098
2.946219,-2145.934570
2.942150,-1960.566406
2.938081,-2303.754395
2.934011,-2032.485596
2.929942,-1959.779175
2.925873,-1523.369019
2.921803,-1521.988770
2.917734,-1278.598267
2.913665,-633.860901
2.909595,-758.523987
2.905526,-705.245972
2.901456,-368.422913
2.897387,167.356750
2.893317,52.702057
2.889248,139.712006
2.885179,-168.806152
2.881109,-455.494263
2.877040,-673.249939
2.872971,-533.841248
2.868901,743.434326
2.864832,4597.315918
2.860763,5886.937988
2.856693,-2861.833252
2.852624,-26.793091
2.848555,6173.636719
2.844485,-1788.382080
2.840416,-1486.267822
2.836347,-684.940796
2.832277,-882.732178
2.828208,-1018.466431
2.824139,-1242.045532
2.820068,-1352.564941
2.815999,-1162.523438
2.811930,-900.664856
2.807860,-923.466858
2.803791,-649.684814
2.799722,-946.637268
2.795652,-533.073303
2.791583,-782.495239
2.787514,-1229.867676
2.783444,-997.068909
2.779375,-715.147766
2.775306,-1684.856812
2.771236,-1022.939209
2.767167,-1211.567139
2.763098,-706.213440
2.759028,-527.754700
2.754959,-625.851563
2.750890,-543.318481
2.746820,-928.188354
2.742750,-1050.602051
2.738681,-925.633850
2.734612,-788.619812
2.730542,-401.125610
2.726473,-114.408569
2.722404,423.722748
2.718334,946.221558
2.714265,883.791687
2.710196,277.465820
2.706126,-47.597107
2.702057,280.639923
2.697988,226.977585
2.693918,-377.833282
2.689849,-108.556717
2.685780,128.950272
2.681710,-630.267212
2.677641,-263.613190
2.673572,-355.336365
2.669502,-527.425415
2.665433,-1185.406494
2.661363,-833.141235
2.657293,-1568.051758
2.653224,-1063.621948
2.649155,-1249.053833
2.645085,-1522.570557
2.641016,-1669.178833
2.636947,-1854.958130
2.632877,-1423.318726
2.628808,-1032.400391
2.624739,-1520.654541
2.620669,-2049.661621
2.616600,-1506.613403
2.612531,-1096.850342
2.608461,-1069.577148
2.604392,-549.308044
2.600323,-1429.977783
2.596253,-1641.864746
2.592184,-1588.084229
2.588115,-1802.775146
2.584045,-2219.001953
2.579975,-1762.547607
2.575906,-2024.297607
2.571836,-2049.850586
2.567767,-1009.257813
2.563698,-1097.053955
2.559628,-1723.153809
2.555559,-1625.387817
2.551490,-1867.289307
2.547421,-1648.485840
2.543351,-1143.332153
2.539282,-1119.965454
2.535213,-1310.782104
2.531143,-840.680237
2.527074,-1423.887451
2.523005,-2821.916992
2.518935,-2322.478516
2.514866,-1514.057861
2.510797,-1868.816284
2.506727,-2207.666016
2.502658,-2616.313965
2.498588,-2662.328125
2.494518,-1465.505249
2.490449,-295.065948
2.486380,115.573700
2.482310,265.863159
2.478241,-111.710648
2.474172,994.007385
2.470102,1520.565552
2.466033,3017.537842
2.461964,2696.605225
2.457894,765.249817
2.453825,1168.984009
2.449756,-1176.688477
2.445686,-1205.989258
2.441617,-829.059814
2.437548,-421.093719
2.433478,-497.678375
2.429409,-851.786926
2.425340,-593.842041
2.421269,-615.497253
2.417200,-408.069580
2.413131,-694.238647
2.409061,-585.643250
2.404992,-518.388000
2.400923,-647.320923
2.396853,-810.279053
2.392784,-549.617188
2.388715,-438.606781
2.384645,-495.817139
2.380576,-807.159363
2.376507,-264.857147
2.372437,-829.233765
2.368368,-334.505371
2.364299,-370.430878
2.360229,499.773834
2.356160,-290.261749
2.352091,283.272614
2.348022,-266.273590
2.343952,-71.379494
2.339882,446.760284
2.335813,269.947113
2.331743,575.780151
2.327674,658.074829
2.323605,1548.705933
2.319535,1443.353516
2.315466,1806.884033
2.311397,2575.770996
2.307327,3209.214600
2.303258,3564.729492
2.299189,3654.705811
2.295119,6525.560059
2.291050,7486.050293
2.286981,9127.740234
2.282911,8851.946289
2.278842,11599.538086
2.274773,23504.654297
2.270703,39420.531250
2.266634,27840.482422
2.262565,21425.140625
2.258494,28630.777344
2.254425,36324.175781
2.250356,58162.714844
2.246286,131720.593750
2.242217,234561.546875
2.238148,260385.296875
2.234078,358168.437500
2.230009,203152.718750
2.225940,187448.406250
2.221870,69114.757813
2.217801,42513.183594
2.213732,29783.435547
2.209662,25920.748047
2.205593,20387.781250
2.201524,21377.941406
2.197454,17658.255859
2.193385,18335.488281
2.189316,15631.643555
2.185246,16095.678711
2.181176,15772.678711
2.177107,14568.541016
2.173038,13778.638672
2.168968,12938.918945
2.164899,13838.313477
2.160830,14366.873047
2.156760,13288.183594
2.152691,12449.324219
2.148622,11932.356445
2.144552,13626.124023
2.140483,14380.010742
2.136414,14953.983398
2.132344,15832.715820
2.128275,15510.129883
2.124206,16462.105469
2.120136,16377.715820
2.116067,17582.435547
2.111998,19051.154297
2.107928,19392.345703
2.103859,19105.095703
2.099789,19390.386719
2.095719,27739.289063
2.091650,39859.074219
2.087581,40541.808594
2.083511,31477.937500
2.079442,36072.355469
2.075373,54101.765625
2.071303,85365.046875
2.067234,113326.359375
2.063165,114313.281250
2.059095,113668.867188
2.055026,175628.828125
2.050957,408273.625000
2.046887,966783.187500
2.042818,1993603.375000
2.038749,1246934.875000
2.034679,431945.750000
2.030610,220698.500000
2.026541,141881.140625
2.022471,102202.460938
2.018401,89907.875000
2.014332,79721.140625
2.010262,70719.546875
2.006193,62015.871094
2.002124,58197.332031
1.998055,54597.343750
1.993985,54847.078125
1.989916,55956.136719
1.985847,51960.328125
1.981777,42132.835938
1.977708,39095.566406
1.973639,37246.777344
1.969569,36086.007813
1.965500,35959.496094
1.961431,35049.582031
1.957361,33821.050781
1.953292,32972.851563
1.949223,33189.375000
1.945153,35450.417969
1.941083,37991.261719
1.937014,37457.609375
1.932944,34233.816406
1.928875,30835.369141
1.924806,27155.201172
1.920736,23936.640625
1.916667,22046.654297
1.912598,20177.917969
1.908528,19223.056641
1.904459,16896.570313
1.900390,15615.052734
1.896320,13655.162109
1.892251,12269.375000
1.888182,11014.431641
1.884112,9396.250000
1.880043,8316.189453
1.875974,6647.864258
1.871904,5366.215820
1.867835,3640.042236
1.863766,3575.612793
1.859695,3034.148682
1.855626,1766.188232
1.851557,689.932129
1.847487,117.480400
1.843418,154.631042
1.839349,-247.169418
1.835279,-571.689453
1.831210,-1293.699829
1.827141,-3345.289551
1.823071,-5908.364258
1.819002,-9092.531250
1.814933,-19761.320313
1.810863,-15538.113281
1.806794,-7016.360840
1.802725,-2837.178223
1.798656,-1854.020874
1.794586,-1405.640015
1.790517,-1749.110107
1.786448,-1355.601440
1.782378,-1545.323975
1.778308,-1794.766968
1.774239,-1118.808594
1.770169,-1408.360840
1.766100,-1113.343872
1.762031,-1317.373657
1.757961,-1442.458374
1.753892,-1371.165527
1.749823,-1460.155396
1.745753,-1474.813110
1.741684,-1329.819580
1.737615,-1615.646118
1.733545,-1261.957031
1.729476,-1620.815918
1.725407,-2007.262085
1.721337,-2306.397949
1.717268,-1626.212280
1.713199,-1696.880859
1.709129,-2432.595459
1.705060,-2203.976074
1.700991,-1499.532959
1.696920,-1793.869873
1.692851,-1563.298828
1.688782,-1594.959106
1.684712,-1589.484741
1.680643,-1862.380249
1.676574,-1906.005859
1.672504,-2078.892334
1.668435,-2589.707520
1.664366,-2160.458740
1.660296,-2529.924805
1.656227,-2165.348633
1.652158,-2312.569336
1.648088,-2288.038086
1.644019,-2097.862549
1.639950,-2124.652344
1.635880,-1769.657227
1.631811,-2048.079102
1.627742,-1905.693481
1.623672,-2672.311279
1.619602,-1917.083740
1.615533,-2118.071045
1.611464,-2212.595703
1.607394,-2511.732666
1.603325,-2478.276367
1.599256,-2955.798828
1.595186,-2121.312012
1.591117,-1136.670532
1.587048,-486.360504
1.582978,791.451721
1.578909,343.318695
1.574840,-56.561810
1.570770,-1343.674438
1.566701,-1247.397827
1.562632,-945.909729
1.558562,-961.762939
1.554493,-2610.087891
1.550424,-2844.293213
1.546354,-1665.608887
1.542285,-1453.999268
1.538215,-1406.747559
1.534145,-1329.946411
1.530076,-1732.360474
1.526007,-1809.835815
1.521937,-2133.396484
1.517868,-2527.016602
1.513799,-1941.650024
1.509729,-1352.850342
1.505660,-1415.751587
1.501591,-1194.319946
1.497521,-1839.362061
1.493452,-1284.750122
1.489383,-1331.998413
1.485313,-1930.390381
1.481244,-1733.817261
1.477175,-1941.509155
1.473105,-1142.270630
1.469036,-1620.176636
1.464967,-1837.876831
1.460897,-1160.727417
1.456827,-1504.431396
1.452758,-1497.456909
1.448689,-1481.822388
1.444619,-1719.741577
1.440550,-1763.138550
1.436481,-1427.682007
1.432411,-1628.221069
1.428342,-563.731628
1.424273,-1265.559692
1.420203,-846.542480
1.416134,-1840.107056
1.412065,-1766.024414
1.407995,-1836.323608
1.403926,-2216.955566
1.399857,-2078.920898
1.395787,-1721.392456
1.391718,-2399.662109
1.387649,-2290.254883
1.383579,-2568.327148
1.379509,-2475.704834
1.375440,-2300.219482
1.371370,-2033.678589
1.367301,-2589.060547
1.363232,-2651.442871
1.359162,-1918.147949
1.355093,-1206.744385
1.351024,-955.024536
1.346954,-732.736389
1.342885,-1224.005981
1.338816,-1462.271606
1.334746,-1279.063232
1.330677,-1017.653015
1.326608,-1140.427246
1.322538,-1022.671143
1.318469,-1134.925903
1.314400,-1029.166626
1.310330,-1460.378296
1.306261,-1386.337036
1.302192,-1130.957397
1.298121,-1280.372437
1.294052,-1480.274170
1.289983,-440.463165
1.285913,-846.019043
1.281844,-859.193115
1.277775,-475.481537
1.273705,-321.929779
1.269636,-491.192902
1.265567,-257.485168
1.261497,68.090652
1.257428,-524.384766
1.253359,-204.554092
1.249290,-250.738983
1.245220,546.444641
1.241151,-84.125214
1.237082,-169.487717
1.233012,2451.132813
1.228943,4602.634277
1.224874,-77.947014
1.220804,-1865.175293
1.216734,-689.834412
1.212665,-1120.802734
1.208595,-753.915527
1.204526,-1276.874878
1.200457,-591.398193
1.196387,-1257.578125
1.192318,-884.122742
1.188249,-777.994324
1.184179,-385.677063
1.180110,-633.877075
1.176041,138.375641
1.171971,240.563461
1.167902,562.407837
1.163833,440.669067
1.159763,107.544785
1.155694,-59.639530
1.151625,-457.449951
1.147555,-794.410706
1.143486,-630.357849
1.139416,-428.238861
1.135346,-851.272522
1.131277,-231.432327
1.127208,215.700592
1.123138,-483.284882
1.119069,-1162.791504
1.115000,-843.420044
1.110930,-854.950500
1.106861,-1053.530273
1.102792,-813.275635
1.098722,-1075.257813
1.094653,-589.556763
1.090584,-850.847656
1.086514,-1415.884521
1.082445,-1156.571167
1.078376,-1251.772461
1.074306,-1335.788696
1.070237,-1297.647095
1.066168,-1380.507446
1.062099,-1078.989014
1.058028,-1629.484253
1.053959,-1615.253784
1.049890,-1520.252441
1.045820,-1501.694946
1.041751,-2033.575073
1.037682,-2465.216309
1.033612,-2187.415771
1.029543,-2378.549805
1.025474,-2159.449219
1.021404,-2191.213867
1.017335,-2607.355957
1.013266,-3069.237305
1.009196,-2414.439453
1.005127,-1916.405029
1.001058,-1883.115234
0.996988,-1890.499756
0.992919,-1929.663086
0.988850,-1452.587036
0.984780,74.872559
0.980711,2779.780273
0.976641,7127.266602
0.972571,4916.241699
0.968502,897.704895
0.964433,-1306.108276
0.960363,-1865.978149
0.956294,-2039.995117
0.952225,-2188.825439
0.948155,-2499.015137
0.944086,-2083.031250
0.940017,-2495.325684
0.935947,-2674.407715
0.931878,-2302.426514
0.927809,-2702.208008
0.923739,-2321.155273
0.919670,-2470.636963
0.915601,-2108.947998
0.911531,-3066.605957
0.907462,-3279.767822
0.903393,-2733.230713
0.899323,-2529.635010
0.895253,-2543.378418
0.891184,-2903.383301
0.887115,-2663.197266
0.883045,-2776.812256
0.878976,-2865.184326
0.874907,-2180.437500
0.870837,-1993.243042
0.866768,-2720.140869
0.862699,-2293.812256
0.858629,-2867.894287
0.854560,-2487.939209
0.850491,-3001.344238
0.846421,-2659.382568
0.842352,-3069.968994
0.838283,-2603.804932
0.834213,-2936.631348
0.830144,-2924.388184
0.826075,-2968.822754
0.822005,-2481.820801
0.817935,-2732.985352
0.813866,-2815.762695
0.809796,-3085.851318
0.805727,-2681.156006
0.801658,-2578.009766
0.797588,-2649.872314
0.793519,-2651.633545
0.789450,-2752.097412
0.785380,-2873.553711
0.781311,-2657.300537
0.777242,-2703.383789
0.773172,-2267.408447
0.769103,-2561.527344
0.765034,-2940.359619
0.760964,-3359.815674
0.756895,-2867.533691
0.752826,-2348.111816
0.748756,-3126.783447
0.744687,-2571.427246
0.740618,-3045.136475
0.736547,-3402.036621
0.732478,-3035.630859
0.728409,-2509.779785
0.724339,-2837.157471
0.720270,-2879.426025
0.716201,-2525.283447
0.712132,-2907.666016
0.708062,-2245.762695
0.703993,-3163.625000
0.699924,-2525.890869
0.695854,-3033.725098
0.691785,-3017.534424
0.687716,-2873.897705
0.683646,-2839.448975
0.679577,-2814.728760
0.675508,-2845.470947
0.671438,-2909.501709
0.667369,-3181.618164
0.663300,-2607.272461
0.659229,-2642.003662
0.655160,-2911.364746
0.651091,-3186.462646
0.647021,-2700.488770
0.642952,-2702.753906
0.638883,-2937.314209
0.634813,-2669.336670
0.630744,-2929.258789
0.626675,-2390.010986
0.622605,-2557.888184
0.618536,-1882.479004
0.614467,-2435.374512
0.610397,-2982.144775
0.606328,-1955.708252
0.602259,-3054.095947
0.598189,-2342.424805
0.594120,-2550.060547
0.590051,-2732.921631
0.585981,-2730.958252
0.581912,-2587.724121
0.577842,-2738.049072
0.573772,-2474.543945
0.569703,-2663.507813
0.565634,-2785.438721
0.561564,-2746.164063
0.557495,-2795.348389
0.553426,-2746.899902
0.549356,-2559.058350
0.545287,-2766.933594
0.541218,-2666.619629
0.537148,-3031.735596
0.533079,-2541.715820
0.529010,-2842.251465
0.524940,-2606.228760
0.520871,-3041.461182
0.516802,-2835.060791
0.512733,-2499.505615
0.508663,-2456.583496
0.504594,-2733.785156
0.500525,-2615.415039
0.496454,-2949.430908
0.492385,-3044.691650
0.488316,-2827.486816
0.484246,-3280.700195
0.480177,-2590.215576
0.476108,-2854.020752
0.472038,-3215.491943
0.467969,-2428.632324
0.463900,-2782.437988
0.459830,-2994.500732
0.455761,-2839.383789
0.451692,-2326.524658
0.447622,-2170.263184
0.443553,-2271.585449
0.439484,-2350.423340
0.435414,-2061.106689
0.431345,-2102.959473
0.427276,-217.954193
0.423206,-1562.484009
0.419137,-3013.551025
0.415067,57.753174
0.410997,-845.132446
0.406928,-2392.962891
0.402859,-3158.633057
0.398789,-3042.381104
0.394720,-1895.885864
0.390651,-2391.161865
0.386581,-2283.019043
0.382512,-2131.195068
0.378443,-2488.546387
0.374373,-2170.628174
0.370304,-2440.764648
0.366235,-2565.227539
0.362165,-2335.397217
0.358096,-2031.432617
0.354027,-2772.477051
0.349957,-2560.683350
0.345888,-2493.089844
0.341819,-2996.341553
0.337749,-2538.762695
0.333679,-2282.459473
0.329610,-2692.033203
0.325541,-2604.615479
0.321471,-2215.263916
0.317402,-2753.894043
0.313333,-2718.661133
0.309263,-2930.731445
0.305194,-2939.556641
0.301125,-2537.172363
0.297055,-2043.625732
0.292986,-2464.586914
0.288917,-2860.187744
0.284847,-2579.548340
0.280778,-2438.292969
0.276709,-2677.124756
0.272639,-2640.660889
0.268570,-2810.688965
0.264501,-2876.162354
0.260431,-2666.263672
0.256361,-2207.238525
0.252292,-2229.105225
0.248222,-2678.988770
0.244153,-2649.497314
0.240084,-3285.453369
0.236014,-2766.007568
0.231945,-2272.917480
0.227876,-1688.430908
0.223806,-3162.239502
0.219737,-2883.548096
0.215668,-2877.247803
0.211598,-2383.004395
0.207529,-2610.728271
0.203460,-2651.569824
0.199390,-2741.833008
0.195321,-2861.199463
0.191252,-2596.504883
0.187182,-2563.268311
0.183113,-3000.535645
0.179044,-2894.149902
0.174973,-3048.833740
0.170904,-2738.346924
0.166835,-2616.091797
0.162766,-3308.619385
0.158696,-2949.958252
0.154627,-2743.985352
0.150558,-2495.750000
0.146488,-2777.724121
0.142419,-2713.411865
0.138350,-3313.664307
0.134280,-2735.650391
0.130211,-2965.866699
0.126142,-3039.176270
0.122072,-2665.469727
0.118003,-2854.262695
0.113934,-2750.915771
0.109864,-2528.163330
0.105795,-3300.836182
0.101726,-2341.252197
0.097655,-2804.485352
0.093586,-2608.122314
0.089517,-2839.704346
0.085447,-2504.805420
0.081378,-2425.406982
0.077309,-2087.692383
0.073239,-2435.875244
0.069170,-2411.857422
0.065101,-2082.426758
0.061031,-2078.191650
0.056962,-1971.434570
0.052893,-1461.338379
0.048823,-1767.720459
0.044754,-1911.455933
0.040685,-1884.181030
0.036615,-1545.269775
0.032546,-2029.152588
0.028477,-1315.083984
0.024407,-398.703033
0.020338,-496.847504
0.016268,-99.836929
0.012198,77.573448
0.008129,4798.763672
0.004060,11140.327148
-0.000010,42856.468750
-0.004079,15242.166016
-0.008148,2459.411865
-0.012218,356.091644
-0.016287,-338.430573
-0.020356,-1072.259644
-0.024426,-1532.094482
-0.028495,-1675.177979
-0.032564,-1680.482788
-0.036633,-2025.119263
-0.040703,-1713.277710
-0.044772,-2009.561279
-0.048841,-2098.068604
-0.052911,-1148.915283
-0.056980,-1435.187378
-0.061049,-2144.960449
-0.065120,-2376.919189
-0.069189,-1892.201538
-0.073258,-2317.981689
-0.077328,-2425.732910
-0.081397,-2432.886230
-0.085466,-2095.339111
-0.089536,-2380.808594
-0.093605,-2336.095703
-0.097674,-2050.317383
-0.101744,-2162.133301
-0.105813,-2110.885742
-0.109882,-2014.854248
-0.113952,-2298.631104
-0.118021,-2420.774170
-0.122090,-2504.835938
-0.126160,-2225.620361
-0.130229,-2728.608643
-0.134298,-2585.098145
-0.138368,-2434.609131
-0.142438,-2777.485840
-0.146507,-2368.699219
-0.150577,-2833.808350
-0.154646,-2644.380371
-0.158715,-2920.218506
-0.162785,-2844.309814
-0.166854,-3108.667480
-0.170923,-2924.125488
-0.174993,-2794.771240
-0.179062,-3228.312500
-0.183131,-2957.178955
-0.187201,-2624.865479
-0.191270,-3145.279541
-0.195339,-2980.584961
-0.199409,-3194.137939
-0.203478,-3032.194092
-0.207547,-2950.549316
-0.211617,-2807.988281
-0.215686,-2778.411865
-0.219755,-3203.464355
-0.223825,-3283.691650
-0.227895,-3656.331543
-0.231964,-3530.687988
-0.236033,-3007.845459
-0.240103,-3237.044434
-0.244172,-3168.783691
-0.248241,-2703.845459
-0.252311,-2530.337158
-0.256380,-3180.400635
-0.260449,-3008.482178
-0.264519,-3194.020264
-0.268588,-2868.963623
-0.272657,-2748.235107
-0.276727,-2752.551025
-0.280796,-2952.406982
-0.284865,-2962.115723
-0.288935,-3196.392822
-0.293004,-2743.008789
-0.297073,-3185.563477
-0.301143,-2828.713135
-0.305213,-3070.677246
-0.309282,-3205.048340
-0.313352,-3048.065186
-0.317421,-3051.689941
-0.321490,-2929.881836
-0.325560,-2871.098389
-0.329629,-3089.561279
-0.333698,-3424.073486
-0.337768,-3157.135254
-0.341837,-2751.432373
-0.345906,-3121.690186
-0.349976,-3413.807861
-0.354045,-3354.105225
-0.358114,-3202.405762
-0.362184,-2743.957031
-0.366253,-3031.873291
-0.370322,-3004.700684
-0.374392,-3172.010254
-0.378461,-3103.169434
-0.382530,-3244.480713
-0.386600,-3209.096680
-0.390670,-2764.479248
-0.394739,-2868.682617
-0.398808,-2785.396973
-0.402878,-3250.922852
-0.406947,-3153.056885
-0.411016,-3222.166748
-0.415086,-2998.690430
-0.419155,-3403.292969
-0.423224,-3624.222412
-0.427294,-2669.962891
-0.431363,-2931.142334
-0.435432,-2884.934814
-0.439502,-3221.340576
-0.443571,-3068.326416
-0.447640,-2784.368652
-0.451710,-2962.890869
-0.455779,-3117.106689
-0.459848,-3031.571289
-0.463919,-2933.943115
-0.467988,-3172.991699
-0.472057,-2840.321045
-0.476127,-2859.904785
-0.480196,-2948.605957
-0.484265,-2920.959229
-0.488335,-3137.448486
-0.492404,-3093.298096
-0.496473,-3171.790771
-0.500543,-3134.179688
-0.504612,-3271.159180
-0.508681,-3287.489258
-0.512751,-3149.861084
-0.516820,-2719.309814
-0.520889,-2818.477295
-0.524959,-3174.005371
-0.529028,-3053.195557
-0.533097,-2874.750000
-0.537167,-3486.979492
-0.541236,-3007.826172
-0.545306,-3207.661865
-0.549376,-3207.403809
-0.553445,-3101.779297
-0.557514,-2862.969482
-0.561584,-2796.475830
-0.565653,-3207.874268
-0.569722,-2816.899902
-0.573792,-3046.492676
-0.577861,-2783.224121
-0.581930,-3042.262939
-0.585999,-3119.541992
-0.590069,-3341.236572
-0.594138,-2795.820557
-0.598207,-3209.495850
-0.602277,-3183.482178
-0.606346,-3207.790771
-0.610415,-3101.010254
-0.614485,-3484.361328
-0.618554,-3384.054443
-0.622623,-2847.367188
-0.626694,-3146.536133
-0.630763,-3005.854980
-0.634832,-2851.069092
-0.638902,-2816.772461
-0.642971,-2886.683350
-0.647040,-3277.266357
-0.651110,-3016.418701
-0.655179,-3301.228760
-0.659248,-3153.979980
-0.663318,-2937.548584
-0.667387,-2758.291016
-0.671456,-2839.000000
-0.675526,-3252.644531
-0.679595,-3108.041504
-0.683664,-3349.873535
-0.687734,-3006.466797
-0.691803,-3065.877686
-0.695872,-3163.800537
-0.699942,-3451.575928
-0.704012,-2874.391846
-0.708081,-2917.047363
-0.712151,-3052.533447
-0.716220,-3008.627441
-0.720289,-2843.770508
-0.724359,-2891.425049
-0.728428,-3260.360840
-0.732497,-2852.529785
-0.736567,-2890.556885
-0.740636,-3392.979248
-0.744705,-2946.857666
-0.748775,-3034.352539
-0.752844,-2808.132324
-0.756913,-2708.951660
-0.760983,-2875.986328
-0.765052,-2899.250000
-0.769121,-3140.027100
-0.773190,-3138.345459
-0.777260,-3283.030029
-0.781329,-3123.241699
-0.785399,-2856.010986
-0.789469,-2369.883057
-0.793538,-3144.368408
-0.797607,-2894.359375
-0.801677,-3363.278076
-0.805746,-3248.181396
-0.809815,-3051.790039
-0.813885,-2607.073242
-0.817954,-3308.569092
-0.822023,-3466.770508
-0.826093,-2928.351807
-0.830162,-3065.987305
-0.834231,-2866.186523
-0.838301,-2998.420898
-0.842370,-3079.303711
-0.846439,-3158.584229
-0.850509,-2636.050049
-0.854578,-2763.769287
-0.858647,-2879.325195
-0.862717,-3600.277344
-0.866787,-3211.912842
-0.870856,-3010.848145
-0.874926,-2956.258789
-0.878995,-3547.038574
-0.883064,-3121.791260
-0.887134,-2968.779785
-0.891203,-3171.540527
-0.895272,-3042.564697
-0.899342,-2506.471680
-0.903411,-3009.609619
-0.907480,-2907.098877
-0.911550,-3286.764893
-0.915619,-2910.771973
-0.919688,-3071.838135
-0.923758,-2997.007568
-0.927827,-3266.402588
-0.931896,-2957.563232
-0.935966,-3365.181885
-0.940035,-2760.224609
-0.944105,-2892.514648
-0.948174,-3066.404785
-0.952244,-3199.408936
-0.956313,-2972.379639
-0.960382,-2660.968262
-0.964452,-3070.240723
-0.968521,-2715.226563
-0.972590,-3003.921143
-0.976660,-3013.987549
-0.980729,-3043.902588
-0.984798,-3389.178467
-0.988868,-2992.364014
-0.992937,-2870.451172
-0.997006,-3044.057373
-1.001076,-3615.820068
-1.005145,-3164.681152
-1.009214,-3033.340820
-1.013284,-2929.796387
-1.017353,-2683.571777
-1.021422,-2645.781250
-1.025493,-2868.177490
-1.029562,-3354.951904
-1.033631,-2933.717041
-1.037701,-2896.754639
-1.041770,-2695.202393
-1.045839,-2956.022217
-1.049909,-3013.589600
-1.053978,-3131.847168
-1.058047,-2965.072998
-1.062117,-2798.132813
-1.066186,-3078.708740
-1.070255,-3292.567383
-1.074325,-3230.406494
-1.078394,-2992.239502
-1.082463,-3258.119873
-1.086533,-3101.841064
-1.090602,-2787.745361
-1.094671,-3802.041748
-1.098741,-3302.680420
-1.102810,-3119.798584
-1.106880,-3501.643555
-1.110950,-2679.769531
-1.115019,-2888.145996
-1.119088,-3568.035400
-1.123158,-2641.958740
-1.127227,-3242.946777
-1.131296,-3021.811768
-1.135365,-3052.386230
-1.139435,-2999.106201
-1.143504,-3015.560303
-1.147573,-3131.672119
-1.151643,-2755.936035
-1.155712,-2772.072998
-1.159781,-3462.862061
-1.163851,-2948.595215
-1.167920,-3207.145996
-1.171989,-2619.782715
-1.176059,-3064.396973
-1.180128,-3350.478516
-1.184198,-2859.779053
-1.188268,-3172.964111
-1.192337,-3293.729492
-1.196406,-3051.417969
-1.200476,-3209.006592
-1.204545,-3319.302734
-1.208614,-2642.269775
-1.212684,-3090.101074
-1.216753,-3349.185547
-1.220822,-2932.958496
-1.224892,-2804.018799
-1.228961,-3240.857666
-1.233030,-3422.858643
-1.237100,-3212.982666
-1.241169,-3120.145752
-1.245238,-2978.562500
-1.249308,-3057.260254
-1.253377,-2828.011475
-1.257446,-3341.644775
-1.261516,-2937.935303
-1.265586,-2973.690186
-1.269655,-3147.165039
-1.273725,-2830.058594
-1.277794,-3061.468262
-1.281862,-2536.174805
-1.285933,-3120.085938
-1.290001,-2950.911377
-1.294071,-3018.184082
-1.298140,-2920.619141
-1.302210,-3058.141846
-1.306280,-3091.374512
-1.310349,-2897.533691
-1.314419,-3777.197510
-1.318487,-2832.037598
-1.322557,-2864.929932
-1.326626,-3020.323975
-1.330696,-2966.472412
-1.334764,-3179.500000
-1.338835,-3249.117188
-1.342903,-3250.964844
-1.346973,-2913.424316
-1.351042,-3031.469238
-1.355112,-3301.262939
-1.359180,-3094.300537
-1.363251,-2942.644043
-1.367319,-3150.780518
-1.371389,-3089.512451
-1.375458,-3161.465088
-1.379528,-3535.745850
-1.383596,-2708.299561
-1.387667,-3113.789063
-1.391737,-3167.850830
-1.395805,-2917.116455
-1.399876,-3230.864258
-1.403944,-2766.782471
-1.408014,-3031.366943
-1.412083,-2965.373779
-1.416153,-3079.477295
-1.420221,-2884.444580
-1.424292,-3210.388428
-1.428360,-3181.104980
-1.432430,-3213.354004
-1.436499,-3040.971436
-1.440569,-3044.454590
-1.444637,-3284.230957
-1.448708,-2780.258301
-1.452776,-3145.468994
-1.456846,-3142.040039
-1.460915,-3128.435059
-1.464985,-2983.179688
-1.469055,-3192.049805
-1.473124,-2814.711914
-1.477194,-2846.189941
-1.481262,-3080.141113
-1.485332,-2502.160400
-1.489401,-2973.366943
-1.493471,-2748.035400
-1.497540,-3459.143799
-1.501610,-3766.007568
-1.505678,-2676.758301
-1.509748,-2958.876221
-1.513817,-3189.657715
-1.517887,-2510.440186
-1.521955,-2750.001953
-1.526026,-3173.176758
-1.530094,-2941.432373
-1.534164,-2745.033447
-1.538233,-2874.984375
-1.542303,-3639.851807
-1.546373,-3161.807129
-1.550442,-3231.524902
-1.554512,-3018.752197
-1.558580,-2882.171875
-1.562651,-2995.855225
-1.566719,-3275.469727
-1.570789,-3147.024658
-1.574858,-3091.931152
-1.578928,-2798.006348
-1.582996,-3011.662598
-1.587067,-2918.487549
-1.591135,-3121.422363
-1.595205,-3204.753418
-1.599274,-3050.035400
-1.603344,-3301.890381
-1.607412,-3087.911377
-1.611483,-2946.568604
-1.615551,-2730.852295
-1.619621,-2863.735107
-1.623690,-3096.424072
-1.627760,-3002.960449
-1.631830,-3282.341797
-1.635899,-3154.297852
-1.639969,-2833.052979
-1.644037,-3016.914307
-1.648108,-3427.216553
-1.652176,-3479.405518
-1.656246,-2794.796631
-1.660315,-2785.430908
-1.664385,-3246.871094
-1.668453,-3139.144775
-1.672523,-3055.960938
-1.676592,-3299.653564
-1.680662,-3239.548340
-1.684731,-3268.743408
-1.688801,-3578.524170
-1.692869,-3025.165283
-1.696939,-2700.809570
-1.701008,-3162.095459
-1.705078,-2961.589355
-1.709148,-2982.176025
-1.713217,-3006.985352
-1.717287,-3224.605469
-1.721355,-3143.538086
-1.725426,-2967.215088
-1.729494,-3249.167725
-1.733564,-2754.387451
-1.737633,-2808.344727
-1.741703,-2994.707031
-1.745771,-3193.948975
-1.749842,-3021.781494
-1.753910,-2804.835449
-1.757980,-2912.566162
-1.762049,-3307.566406
-1.766119,-3152.720947
-1.770187,-3139.621582
-1.774258,-2995.276855
-1.778326,-3404.052979
-1.782396,-3231.624512
-1.786467,-2730.296631
-1.790535,-2769.752441
-1.794605,-2784.527344
-1.798674,-3309.872559
-1.802744,-3138.785400
-1.806812,-3449.969238
-1.810883,-3136.052979
-1.814951,-2954.988525
-1.819021,-3344.570313
-1.823090,-3027.117432
-1.827160,-3216.351563
-1.831228,-3287.229980
-1.835299,-3316.647461
-1.839367,-3357.789795
-1.843437,-3185.370117
-1.847506,-2705.829590
-1.851576,-3108.484375
-1.855644,-2951.394287
-1.859715,-3447.815430
-1.863783,-3009.645996
-1.867853,-2680.072021
-1.871923,-3180.269287
-1.875992,-2873.929932
-1.880062,-2851.538330
-1.884130,-2749.365479
-1.888201,-3439.270020
-1.892269,-3121.138184
-1.896339,-3032.036377
-1.900408,-3489.389648
-1.904478,-2977.921143
-1.908546,-3278.975098
-1.912617,-3209.668457
-1.916685,-2864.193359
-1.920755,-3135.270020
-1.924824,-3349.751953
-1.928894,-3336.988525
-1.932962,-3240.858887
-1.937033,-3268.487061
-1.941101,-3185.167725
