14.682301,-3688.370605
14.678231,-1871.655762
14.674162,-1521.659546
14.670093,-1074.940063
14.666023,-1273.714600
14.661954,-1405.172241
14.657885,-1323.235962
14.653815,-1678.520874
14.649746,-1454.296265
14.645677,-1518.098389
14.641606,-1413.301514
14.637537,-1549.213867
14.633468,-1259.521729
14.629398,-1482.554565
14.625329,-1026.278442
14.621260,-1239.305908
14.617190,-1748.291016
14.613121,-1351.186646
14.609052,-1319.689575
14.604982,-1581.867798
14.600913,-2026.445801
14.596844,-1434.932617
14.592774,-1822.925171
14.588705,-1842.654541
14.584636,-1518.132446
14.580566,-1281.676270
14.576497,-1550.249878
14.572428,-1616.112183
14.568358,-1739.844849
14.564289,-1802.312622
14.560219,-1968.136230
14.556149,-1767.392212
14.552080,-1558.487305
14.548011,-1601.941162
14.543941,-1282.052612
14.539872,-1406.271362
14.535803,-1490.897461
14.531734,-1831.977661
14.527664,-1862.788208
14.523595,-1743.343994
14.519526,-1457.393677
14.515456,-1521.125854
14.511387,-1534.065186
14.507318,-2060.170898
14.503248,-1742.781738
14.499179,-1768.577148
14.495110,-1611.956787
14.491040,-1929.691650
14.486971,-1729.930420
14.482902,-1697.913208
14.478831,-1773.876221
14.474762,-1930.805664
14.470693,-2097.234863
14.466623,-1828.708252
14.462554,-1878.671875
14.458485,-1801.150269
14.454415,-1843.763916
14.450346,-1793.289917
14.446277,-1597.504517
14.442207,-1545.445435
14.438138,-1873.802246
14.434069,-2323.962891
14.429999,-2115.160156
14.425930,-1732.456909
14.421861,-1984.136719
14.417791,-2001.619385
14.413722,-2026.672363
14.409653,-1664.237183
14.405583,-2003.125366
14.401514,-1993.548340
14.397444,-1683.465210
14.393374,-1974.623779
14.389305,-2067.648193
14.385236,-1874.441040
14.381166,-1892.222290
14.377097,-2009.266357
14.373028,-2193.218750
14.368958,-2192.747070
14.364889,-2069.963623
14.360820,-2118.334473
14.356750,-1932.293213
14.352681,-2045.350464
14.348612,-2166.962158
14.344543,-1732.994751
14.340473,-2220.052734
14.336404,-2225.245605
14.332335,-2387.928955
14.328265,-2013.427612
14.324196,-2053.724121
14.320127,-1660.111206
14.316056,-2232.127441
14.311987,-1920.165039
14.307918,-2106.416016
14.303848,-2212.108643
14.299779,-1987.146973
14.295710,-2355.644043
14.291640,-2127.811035
14.287571,-2023.967896
14.283502,-1943.177612
14.279432,-2261.337402
14.275363,-2175.454590
14.271294,-2060.927979
14.267224,-2416.112061
14.263155,-2223.003906
14.259086,-2310.983398
14.255016,-2291.763184
14.250947,-1886.304077
14.246878,-2250.087158
14.242808,-2398.581055
14.238739,-2274.618896
14.234669,-2076.966797
14.230599,-2473.910400
14.226530,-2450.339355
14.222461,-2381.253174
14.218391,-2430.356934
14.214322,-2065.746338
14.210253,-2212.352783
14.206183,-2802.714600
14.202114,-2243.327881
14.198045,-2075.319824
14.193975,-2550.578369
14.189906,-1931.528198
14.185837,-2300.563721
14.181767,-2249.339111
14.177698,-2514.043945
14.173629,-2089.198486
14.169559,-2438.206543
14.165490,-2205.285889
14.161421,-2346.400879
14.157351,-1902.157471
14.153281,-2405.430420
14.149212,-1893.156616
14.145143,-2467.489014
14.141073,-2325.194336
14.137004,-2230.806152
14.132935,-2266.379150
14.128865,-2047.138550
14.124796,-2462.938965
14.120727,-1975.563843
14.116657,-2216.522949
14.112588,-2337.931152
14.108519,-2757.640137
14.104449,-2110.456787
14.100380,-2274.841797
14.096311,-2335.402100
14.092241,-2009.347778
14.088172,-2146.947510
14.084103,-2812.090576
14.080033,-2460.131592
14.075964,-2483.300293
14.071894,-2233.293457
14.067824,-2445.667480
14.063755,-2370.209229
14.059686,-2408.557129
14.055616,-2469.116455
14.051547,-1949.036865
14.047478,-2666.943604
14.043408,-2633.302734
14.039339,-2437.734375
14.035270,-2196.471680
14.031200,-2294.799316
14.027131,-2514.063477
14.023062,-1984.881836
14.018992,-2704.047852
14.014923,-2542.573975
14.010854,-2220.367432
14.006784,-2380.812256
14.002715,-2080.493652
13.998646,-2542.038330
13.994576,-2494.048828
13.990506,-2487.776123
13.986437,-2302.728027
13.982368,-2140.589844
13.978298,-2286.693848
13.974229,-2614.416016
13.970160,-2449.488281
13.966090,-2353.843506
13.962021,-2180.500732
13.957952,-2402.500977
13.953882,-2514.607910
13.949813,-2074.760742
13.945744,-2197.191162
13.941674,-2582.321045
13.937605,-2535.683350
13.933536,-2728.634766
13.929466,-2161.963379
13.925397,-2466.196533
13.921328,-2621.816650
13.917258,-2288.189453
13.913189,-2274.747803
13.909119,-2278.311279
13.905049,-2436.108398
13.900980,-2241.647705
13.896911,-2601.278076
13.892841,-2401.162598
13.888772,-2293.578613
13.884703,-2650.055908
13.880633,-2529.414795
13.876564,-2454.492188
13.872495,-2314.321777
13.868425,-2247.923828
13.864356,-2976.002686
13.860287,-2501.128662
13.856217,-2359.557617
13.852148,-2434.183105
13.848079,-2696.789795
13.844009,-2802.187256
13.839940,-2827.188965
13.835871,-2669.091309
13.831800,-2562.018311
13.827731,-2802.501709
13.823662,-2356.738037
13.819592,-2611.146484
13.815523,-2890.011475
13.811454,-2543.057617
13.807384,-2301.826904
13.803315,-2430.080078
13.799246,-2540.894287
13.795177,-2491.505615
13.791107,-2745.171875
13.787038,-2627.411377
13.782969,-2504.918945
13.778899,-2614.518555
13.774830,-2418.307861
13.770761,-2629.160400
13.766691,-2640.983154
13.762622,-2535.002197
13.758553,-2842.119629
13.754483,-2910.507568
13.750414,-2646.813965
13.746344,-2756.212891
13.742274,-2402.205566
13.738205,-2643.328857
13.734136,-2334.067383
13.730066,-2719.431152
13.725997,-2169.040527
13.721928,-2851.837891
13.717858,-2427.209229
13.713789,-2741.777344
13.709720,-2509.511719
13.705650,-2552.880859
13.701581,-2851.449463
13.697512,-2640.318115
13.693442,-2519.007324
13.689373,-2849.924316
13.685304,-2875.958496
13.681234,-2346.660645
13.677165,-2784.113037
13.673096,-2858.698730
13.669025,-2492.747070
13.664956,-2856.268555
13.660887,-2592.689453
13.656817,-2647.540283
13.652748,-2546.565186
13.648679,-2555.839355
13.644609,-2563.905273
13.640540,-2566.199707
13.636471,-2676.160400
13.632401,-2783.105957
13.628332,-2767.343994
13.624263,-2691.104736
13.620193,-2571.450684
13.616124,-2993.286377
13.612055,-2905.453369
13.607985,-2543.078369
13.603916,-2667.593506
13.599847,-2431.004883
13.595778,-2528.237305
13.591707,-2779.120605
13.587639,-2393.840576
13.583569,-2682.297119
13.579499,-3012.750488
13.575430,-2350.777100
13.571361,-2906.438965
13.567291,-2594.847900
13.563222,-2702.536621
13.559153,-2791.377197
13.555083,-2562.084717
13.551014,-2596.913818
13.546945,-2858.230225
13.542875,-2583.703857
13.538806,-2951.840088
13.534737,-2949.502686
13.530667,-2715.641846
13.526598,-2707.786621
13.522529,-2762.145508
13.518459,-2830.133545
13.514390,-2651.014160
13.510321,-2944.143555
13.506250,-2563.605957
13.502181,-2699.160156
13.498112,-2721.878418
13.494042,-2580.783936
13.489973,-2456.732422
13.485904,-2591.486084
13.481834,-2762.326660
13.477765,-2893.751953
13.473696,-2807.702637
13.469626,-2945.693115
13.465557,-2799.415771
13.461488,-3001.837158
13.457418,-2646.958984
13.453349,-2812.689697
13.449280,-2693.371094
13.445210,-2580.379150
13.441141,-2278.882813
13.437072,-2766.219238
13.433002,-2534.954590
13.428932,-2536.231445
13.424864,-2565.770264
13.420794,-2747.397949
13.416724,-2658.372803
13.412655,-2898.675781
13.408586,-2517.413818
13.404516,-2554.913818
13.400447,-2740.090088
13.396378,-2839.275879
13.392308,-2961.044678
13.388239,-2649.096436
13.384170,-2674.837158
13.380100,-2959.263672
13.376031,-2796.943604
13.371962,-2930.220947
13.367892,-3203.016113
13.363823,-2731.065186
13.359754,-2695.875732
13.355684,-2734.847900
13.351614,-2374.142578
13.347546,-2665.989014
13.343475,-3004.616699
13.339406,-2820.270020
13.335337,-3205.997803
13.331267,-2667.482910
13.327198,-2752.355713
13.323129,-2755.143555
13.319059,-2888.911377
13.314990,-2674.116699
13.310921,-2749.111816
13.306851,-2870.623535
13.302782,-2559.539063
13.298713,-2606.827881
13.294643,-3121.202881
13.290574,-2633.003174
13.286505,-2910.849365
13.282435,-2675.816895
13.278366,-2900.442139
13.274297,-2704.804688
13.270227,-2783.635986
13.266157,-2680.941162
13.262089,-2995.578125
13.258018,-2762.636719
13.253949,-2884.623291
13.249880,-2797.937744
13.245811,-2744.675781
13.241741,-3010.583008
13.237672,-2507.183594
13.233603,-2523.818115
13.229533,-3017.135742
13.225464,-2899.783203
13.221395,-2535.766602
13.217325,-2782.883545
13.213256,-2597.825195
13.209187,-3369.442627
13.205117,-2688.104980
13.201048,-2886.049072
13.196979,-2790.660889
13.192909,-2809.935791
13.188839,-2975.318359
13.184771,-2876.973145
13.180700,-3005.653564
13.176631,-3011.526123
13.172562,-3227.376465
13.168492,-3006.646484
13.164423,-2795.744141
13.160354,-2874.703125
13.156284,-3004.766113
13.152215,-3048.990723
13.148146,-2930.314453
13.144076,-2819.692139
13.140007,-2805.732422
13.135938,-2894.133301
13.131868,-3166.251953
13.127799,-2901.028076
13.123730,-2881.458496
13.119660,-3009.046387
13.115591,-2702.896973
13.111522,-2877.994141
13.107452,-2998.312744
13.103382,-2637.235107
13.099313,-3042.901123
13.095243,-2713.386230
13.091174,-2956.916504
13.087105,-2868.645020
13.083035,-2789.472168
13.078966,-2974.561279
13.074897,-2843.748779
13.070827,-2742.108398
13.066758,-3000.292236
13.062689,-2884.391357
13.058619,-3099.155273
13.054550,-2824.730225
13.050481,-3125.851074
13.046412,-3202.288086
13.042342,-2726.844971
13.038273,-2748.129150
13.034204,-3139.875732
13.030134,-2704.467041
13.026064,-2797.896240
13.021996,-2735.692383
13.017925,-2917.944580
13.013856,-2771.738770
13.009787,-2894.084717
13.005717,-2908.860107
13.001648,-2910.945557
12.997579,-2908.746338
12.993509,-3019.205322
12.989440,-2777.754395
12.985371,-3171.634521
12.981301,-3006.801514
12.977232,-3286.020264
12.973163,-3104.935791
12.969093,-2842.909180
12.965024,-2565.902832
12.960955,-3205.349609
12.956885,-3071.550537
12.952816,-2619.575439
12.948747,-3226.678467
12.944677,-3047.965820
12.940607,-3244.047852
12.936538,-2659.491211
12.932468,-2844.704834
12.928399,-2896.043945
12.924330,-3091.418945
12.920260,-3153.024170
12.916191,-2784.850098
12.912122,-2949.495605
12.908052,-2932.196533
12.903983,-3026.496094
12.899914,-2866.842773
12.895844,-2949.921875
12.891775,-2848.582031
12.887706,-2988.794678
12.883636,-2899.967285
12.879567,-2923.151855
12.875498,-3065.814697
12.871428,-2752.236816
12.867359,-3044.357666
12.863289,-2427.081299
12.859221,-3185.138672
12.855150,-2906.570313
12.851081,-2984.295898
12.847012,-3107.812744
12.842942,-2571.423096
12.838873,-3082.466309
12.834804,-3132.337646
12.830734,-2900.873291
12.826665,-3050.975830
12.822596,-2910.252686
12.818526,-2957.866943
12.814457,-2944.722412
12.810388,-3166.686523
12.806318,-3149.216309
12.802249,-3134.595459
12.798180,-2712.993652
12.794110,-2923.333252
12.790041,-2823.128662
12.785972,-2641.382324
12.781902,-3248.253174
12.777832,-2736.780273
12.773763,-2851.775635
12.769693,-3066.350098
12.765624,-3191.123535
12.761555,-3059.445068
12.757485,-2933.756836
12.753416,-3097.562012
12.749347,-3121.216797
12.745277,-2946.016113
12.741208,-2872.653564
12.737139,-3186.525146
12.733069,-3003.182617
12.729000,-2760.322998
12.724931,-3078.615479
12.720861,-2319.555664
12.716792,-2745.474121
12.712723,-3029.710693
12.708653,-3000.600586
12.704584,-2875.570068
12.700514,-2795.440918
12.696445,-3214.804199
12.692375,-3168.096191
12.688306,-2678.016113
12.684237,-2941.157715
12.680167,-3078.500000
12.676098,-3053.429688
12.672029,-2649.853271
12.667959,-3105.057129
12.663890,-3083.594482
12.659821,-2811.098145
12.655751,-3098.826172
12.651682,-2941.116455
12.647613,-3295.655518
12.643543,-2992.531982
12.639474,-2778.938965
12.635405,-3250.727539
12.631335,-2953.467529
12.627266,-3059.451660
12.623196,-2892.212402
12.619127,-3277.774658
12.615057,-3012.114746
12.610989,-2914.718018
12.606918,-2967.579346
12.602849,-2921.086670
12.598780,-2964.130615
12.594710,-2600.040283
12.590641,-3120.125977
12.586572,-3171.786865
12.582502,-2629.965820
12.578433,-2750.715088
12.574364,-2630.192139
12.570294,-2906.772949
12.566225,-2918.226318
12.562156,-2894.941162
12.558086,-3038.247803
12.554017,-3070.711182
12.549948,-3012.743652
12.545877,-2876.315430
12.541809,-3126.187500
12.537739,-2958.367676
12.533670,-3122.409912
12.529600,-3125.913818
12.525531,-3105.895264
12.521461,-2838.770996
12.517392,-3116.411133
12.513323,-3034.948730
12.509254,-3139.927246
12.505184,-3377.998535
12.501115,-3100.252441
12.497046,-2609.491455
12.492976,-2586.471924
12.488907,-2781.806641
12.484838,-3011.406006
12.480768,-3129.965820
12.476699,-3396.462402
12.472630,-3089.285156
12.468560,-2507.045166
12.464491,-3284.870605
12.460421,-3009.120361
12.456352,-2956.676270
12.452282,-2931.283447
12.448214,-3424.011719
12.444143,-3188.064453
12.440074,-2684.201416
12.436005,-2958.442871
12.431935,-3015.910889
12.427866,-3164.642578
12.423797,-3028.508057
12.419727,-2957.744873
12.415658,-3259.612549
12.411589,-3146.250244
12.407519,-3183.958252
12.403450,-3074.760010
12.399381,-2782.492920
12.395311,-2809.720947
12.391242,-2988.905762
12.387173,-2777.117188
12.383102,-3040.484131
12.379034,-3121.864990
12.374964,-3062.559814
12.370895,-3037.972168
12.366825,-2739.035400
12.362756,-3110.925049
12.358686,-3175.948730
12.354617,-3454.971924
12.350548,-2955.284180
12.346478,-3153.254883
12.342409,-2977.558594
12.338340,-2703.303711
12.334270,-3053.514893
12.330201,-3282.882568
12.326132,-3047.335938
12.322062,-2916.732666
12.317993,-3135.770264
12.313924,-2870.311279
12.309855,-3126.466797
12.305785,-2951.429688
12.301716,-2911.380371
12.297646,-3177.058838
12.293577,-3042.393066
12.289507,-2878.946289
12.285439,-3218.551025
12.281368,-3127.153320
12.277299,-2989.660156
12.273230,-2983.491211
12.269160,-3177.522461
12.265091,-3235.947021
12.261022,-3014.222900
12.256952,-2699.045410
12.252883,-2690.577881
12.248814,-2943.779297
12.244744,-3322.605469
12.240675,-3131.410889
12.236606,-3015.734619
12.232536,-2979.220947
12.228467,-2898.641357
12.224398,-2988.887451
12.220327,-2824.968994
12.216259,-2736.651367
12.212189,-2816.963623
12.208120,-2964.492188
12.204050,-2940.539063
12.199981,-3222.646484
12.195911,-3265.291748
12.191842,-3026.168457
12.187773,-3362.650879
12.183703,-3084.149170
12.179634,-3300.219238
12.175565,-2835.258545
12.171495,-3034.484619
12.167426,-3062.916016
12.163357,-3002.541260
12.159287,-3103.291260
12.155218,-2790.186768
12.151149,-2965.182373
12.147079,-3183.051025
12.143009,-3390.876221
12.138941,-2926.073486
12.134871,-2832.431152
12.130802,-3140.698730
12.126732,-3195.598389
12.122663,-3070.117676
12.118593,-2757.537109
12.114524,-3520.993652
12.110455,-3200.152832
12.106385,-3059.038086
12.102316,-3080.916260
12.098247,-3011.956299
12.094177,-2902.572510
12.090108,-2717.463379
12.086039,-3180.528564
12.081969,-3246.216797
12.077900,-2865.220215
12.073831,-2975.242920
12.069761,-3278.238770
12.065692,-3041.092773
12.061623,-3101.502686
12.057552,-2915.762207
12.053484,-3457.424072
12.049414,-3059.269531
12.045345,-3053.814941
12.041275,-2989.176758
12.037206,-2902.185791
12.033136,-3231.109619
12.029067,-3116.041748
12.024998,-3081.561523
12.020928,-3564.044434
12.016859,-3293.469971
12.012790,-2945.860840
12.008720,-3184.791260
12.004651,-2925.233154
12.000582,-3281.700928
11.996512,-2758.912109
11.992443,-2941.811035
11.988374,-3439.998779
11.984304,-2993.909424
11.980234,-2914.523682
11.976166,-3220.267090
11.972095,-3125.106445
11.968027,-3197.018066
11.963957,-2988.513428
11.959888,-2694.489746
11.955818,-3298.466064
11.951749,-3195.177246
11.947680,-2830.854736
11.943610,-2862.519775
11.939541,-3071.528564
11.935472,-3017.814941
11.931402,-3242.738281
11.927333,-3300.962402
11.923264,-3107.624756
11.919194,-3142.639404
11.915125,-3284.760254
11.911056,-3237.305664
11.906986,-2742.709229
11.902917,-2926.337646
11.898848,-3272.337646
11.894777,-2814.614014
11.890709,-2944.853027
11.886639,-3089.833008
11.882570,-3306.814209
11.878500,-3282.793945
11.874431,-2857.765869
11.870361,-3452.332275
11.866292,-3081.233398
11.862223,-2846.771484
11.858153,-3038.526367
11.854084,-3003.036377
11.850015,-3209.853027
11.845945,-3083.467529
11.841876,-3143.027588
11.837807,-2933.482422
11.833737,-3021.280762
11.829668,-3225.727295
11.825599,-3277.320313
11.821529,-3135.836426
11.817459,-3188.353271
11.813391,-3008.017578
11.809320,-3105.725830
11.805252,-3324.348389
11.801182,-3122.909424
11.797112,-2614.359863
11.793043,-3186.924316
11.788974,-2836.535645
11.784904,-3042.684570
11.780835,-3150.232666
11.776766,-3041.851074
11.772696,-3165.337402
11.768627,-3201.123779
11.764558,-3047.651855
11.760489,-3166.308105
11.756419,-2868.697021
11.752350,-3015.110596
11.748281,-3047.169922
11.744211,-2715.576172
11.740142,-2930.357666
11.736073,-3040.391846
11.732002,-2804.565918
11.727934,-3012.944336
11.723864,-3153.791260
11.719795,-3354.667480
11.715725,-3084.786377
11.711656,-3494.685547
11.707586,-2894.766113
11.703517,-3096.639893
11.699448,-3144.325928
11.695378,-3342.483398
11.691309,-3154.595459
11.687240,-2827.017578
11.683170,-3346.985840
11.679101,-3326.961182
11.675032,-3022.521973
11.670962,-3081.514404
11.666893,-2930.373047
11.662824,-3244.527832
11.658754,-3037.241211
11.654684,-3239.142090
11.650616,-3224.047119
11.646545,-3086.374268
11.642477,-2960.375244
11.638407,-2976.404785
11.634337,-3549.373291
11.630268,-3016.627686
11.626199,-2852.003906
11.622129,-3170.610840
11.618060,-2820.955811
11.613991,-2975.086426
11.609921,-3144.409180
11.605852,-3429.897461
11.601783,-3048.596436
11.597713,-2750.436523
11.593644,-3004.115234
11.589575,-3146.968994
11.585505,-3073.402588
11.581436,-3058.954590
11.577367,-2979.666748
11.573298,-3394.291748
11.569227,-3257.322021
11.565159,-3111.366943
11.561089,-3203.250244
11.557020,-2983.796631
11.552950,-2999.719482
11.548881,-3106.575684
11.544811,-3002.921387
11.540742,-2954.819580
11.536673,-3417.795654
11.532603,-2956.790771
11.528534,-3347.277588
11.524465,-3140.466553
11.520395,-3317.745850
11.516326,-3020.093506
11.512257,-2790.692383
11.508187,-3395.937988
11.504118,-2803.810547
11.500049,-3307.577637
11.495979,-3044.272461
11.491909,-3117.539795
11.487841,-2965.118164
11.483770,-2878.842041
11.479702,-3012.632324
11.475632,-2783.036865
11.471562,-2662.993652
11.467493,-3150.699219
11.463424,-3278.767578
11.459354,-2956.056885
11.455285,-3327.461670
11.451216,-3270.852051
11.447146,-3171.461426
11.443077,-3125.254395
11.439008,-3161.728027
11.434938,-3102.989258
11.430869,-2897.308838
11.426800,-3291.079590
11.422730,-3173.647217
11.418661,-3028.223633
11.414591,-3078.565186
11.410522,-3410.466797
11.406452,-3118.184570
11.402384,-3211.614502
11.398314,-2597.964600
11.394244,-3392.637939
11.390175,-3377.843262
11.386106,-2855.295654
11.382036,-3000.223389
11.377967,-2854.360596
11.373898,-3330.211426
11.369828,-2829.660645
11.365759,-3039.583252
11.361690,-3434.613770
11.357620,-3011.071533
11.353551,-3019.466553
11.349482,-3095.276855
11.345412,-2985.619629
11.341343,-3024.048584
11.337274,-2956.602051
11.333204,-3230.454590
11.329134,-2771.777100
11.325066,-3207.739258
11.320995,-2993.241211
11.316927,-3436.456543
11.312857,-3295.426270
11.308787,-3060.370605
11.304718,-3115.411865
11.300649,-3341.854248
11.296579,-3068.764160
11.292510,-3077.568359
11.288441,-2963.264404
11.284371,-3558.869873
11.280302,-3048.961670
11.276233,-2874.621094
11.272163,-2937.775635
11.268094,-3290.801758
11.264025,-3016.930908
11.259955,-3735.456055
11.255886,-2998.321533
11.251816,-3082.800049
11.247747,-3184.584961
11.243677,-3023.116455
11.239609,-2865.832520
11.235538,-2972.430664
11.231469,-3145.516846
11.227400,-3035.657959
11.223330,-3080.206787
11.219261,-3345.928711
11.215192,-3250.418945
11.211123,-2948.124023
11.207053,-3306.907715
11.202984,-3227.841064
11.198915,-3177.448730
11.194845,-2883.362549
11.190776,-2999.946045
11.186707,-3436.412842
11.182637,-2706.885254
11.178568,-2915.267822
11.174499,-2824.067139
11.170429,-3034.993408
11.166359,-2839.832275
11.162291,-3048.885254
11.158220,-3158.476318
11.154152,-3135.272461
11.150082,-3127.804199
11.146012,-3131.155518
11.141943,-3287.624023
11.137874,-3143.009033
11.133804,-3068.295898
11.129735,-2967.823975
11.125666,-2996.387451
11.121596,-3181.220459
11.117527,-2987.737305
11.113458,-3295.817139
11.109388,-3248.030762
11.105319,-3333.012695
11.101250,-3252.427979
11.097180,-3257.771973
11.093111,-3276.418701
11.089041,-2965.591309
11.084972,-3165.380371
11.080902,-3213.570801
11.076834,-2903.441162
11.072763,-2761.978760
11.068694,-3230.395020
11.064625,-2533.101074
11.060555,-3573.136963
11.056486,-3318.427490
11.052417,-3256.374512
11.048347,-3455.033447
11.044278,-2957.871094
11.040209,-3338.346191
11.036139,-3151.283447
11.032070,-3416.499512
11.028001,-3027.997803
11.023932,-3395.552490
11.019862,-2985.288574
11.015793,-3082.251709
11.011724,-3162.407227
11.007654,-3228.297363
11.003584,-3373.334473
10.999516,-3076.564941
10.995445,-3181.925537
10.991377,-3246.956787
10.987307,-2927.542480
10.983237,-3453.241699
10.979168,-2975.119385
10.975099,-3234.794434
10.971029,-2985.158447
10.966960,-3031.861816
10.962891,-3410.525146
10.958821,-3133.784180
10.954752,-2872.353516
10.950683,-2772.736816
10.946613,-3169.306641
10.942544,-3188.596680
10.938475,-3339.588135
10.934405,-2956.602783
10.930336,-2923.472656
10.926266,-3069.338623
10.922197,-3468.096924
10.918127,-3077.719238
10.914059,-3283.427979
10.909988,-3137.605469
10.905919,-3261.458984
10.901850,-2822.718994
10.897780,-3300.308594
10.893711,-3143.898193
10.889642,-2950.637695
10.885572,-3005.041016
10.881503,-3152.742188
10.877434,-2865.083252
10.873364,-3190.400879
10.869295,-3140.682373
10.865226,-3305.566650
10.861156,-3665.124756
10.857087,-3170.414551
10.853018,-3152.645508
10.848948,-3131.490234
10.844879,-3588.510986
10.840809,-3385.183838
10.836740,-3214.731689
10.832670,-2933.080811
10.828601,-3421.729004
10.824532,-3061.638184
10.820462,-3201.834717
10.816393,-3050.644531
10.812324,-3127.801514
10.808254,-3078.564453
10.804185,-3260.366699
10.800116,-3034.105469
10.796046,-3452.043945
10.791977,-3134.235107
10.787908,-3091.769043
10.783838,-3388.542969
10.779769,-3083.628906
10.775700,-2985.797852
10.771630,-3294.102783
10.767561,-3196.862549
10.763491,-3073.672119
10.759422,-2837.191895
10.755352,-2959.526123
10.751284,-3464.731689
10.747213,-3130.778564
10.743144,-2988.887695
10.739075,-3140.278809
10.735005,-3011.940186
10.730936,-3298.255371
10.726867,-2947.184082
10.722797,-3229.272705
10.718728,-3303.782715
10.714659,-3155.548584
10.710589,-3015.336182
10.706520,-3284.404297
10.702451,-3027.256836
10.698381,-3126.341553
10.694312,-3115.498047
10.690243,-2869.385742
10.686172,-3492.875488
10.682104,-3392.551758
10.678034,-3287.876221
10.673965,-3240.854980
10.669895,-3374.412354
10.665827,-2936.328857
10.661757,-3458.635010
10.657688,-3798.617432
10.653618,-3306.033691
10.649549,-4730.234863
10.645479,-3526.262695
10.641410,-3738.748047
10.637341,-3466.309082
10.633271,-3342.307861
10.629202,-3566.916992
10.625133,-3180.082031
10.621063,-3144.703125
10.616994,-3258.884521
10.612925,-3049.866699
10.608854,-3441.748047
10.604786,-3325.393799
10.600716,-3169.462646
10.596647,-3311.558594
10.592577,-3202.146729
10.588509,-3249.153809
10.584438,-3125.625244
10.580370,-3043.592285
10.576300,-3434.399902
10.572230,-3360.544678
10.568161,-3235.542969
10.564092,-3369.482910
10.560022,-2987.469971
10.555953,-2818.510742
10.551884,-3193.604736
10.547814,-3204.458252
10.543745,-2957.154053
10.539676,-3327.827637
10.535606,-3087.265381
10.531536,-3205.472900
10.527468,-3277.010254
10.523397,-3246.856934
10.519329,-3306.637207
10.515259,-3012.025879
10.511190,-3045.461670
10.507120,-3269.002686
10.503052,-3547.034912
10.498981,-3422.779297
10.494912,-3119.605713
10.490843,-3181.103027
10.486773,-3345.495605
10.482704,-3601.551270
10.478635,-3017.572021
10.474566,-3376.607666
10.470496,-2687.437744
10.466427,-2916.851074
10.462358,-3356.237549
10.458288,-3452.766846
10.454218,-3020.630859
10.450150,-3360.337891
10.446079,-2916.930176
10.442011,-2894.026611
10.437941,-3146.398682
10.433872,-3040.698975
10.429802,-3273.170166
10.425734,-3496.645752
10.421663,-3449.168701
10.417595,-3317.918457
10.413525,-3208.926514
10.409455,-3452.624512
10.405386,-3262.742676
10.401317,-3453.761475
10.397247,-3466.630371
10.393178,-3457.952881
10.389109,-3759.001465
10.385039,-3497.520264
10.380970,-3331.209961
10.376901,-2974.707031
10.372831,-3123.564209
10.368761,-3143.241943
10.364693,-3144.615479
10.360622,-3135.210205
10.356554,-3146.006836
10.352484,-3651.890869
10.348415,-2962.098389
10.344345,-3362.674805
10.340277,-2895.422119
10.336206,-3016.177734
10.332137,-3128.719727
10.328068,-3097.775635
10.323998,-3332.792480
10.319929,-3045.204346
10.315860,-3120.719238
10.311790,-3160.561768
10.307721,-3333.975342
10.303652,-3355.105225
10.299582,-3184.629395
10.295513,-3069.208496
10.291443,-3197.176270
10.287374,-3121.592285
10.283304,-3289.828125
10.279236,-2849.117676
10.275166,-3297.411133
10.271097,-3175.322998
10.267027,-3323.483643
10.262959,-3332.577393
10.258888,-2994.140625
10.254820,-3081.880127
10.250750,-3530.238037
10.246680,-3212.542969
10.242611,-3340.123047
10.238542,-3228.342041
10.234472,-3589.711182
10.230403,-3340.791992
10.226334,-3299.822021
10.222264,-3319.750732
10.218195,-3147.587646
10.214126,-3170.583984
10.210056,-3283.104248
10.205986,-3274.387939
10.201918,-3127.867188
10.197847,-3329.807373
10.193779,-3645.631348
10.189709,-3066.105713
10.185640,-3391.686768
10.181570,-3483.113525
10.177502,-3015.692139
10.173431,-3055.182861
10.169362,-3299.097656
10.165293,-3241.850830
10.161223,-3251.314209
10.157154,-3126.292725
10.153085,-3280.823242
10.149015,-3406.276611
10.144946,-3209.895020
10.140877,-3342.797363
10.136807,-3094.803223
10.132738,-3235.619629
10.128668,-3365.075439
10.124599,-3148.187256
10.120529,-3330.714844
10.116461,-3414.044922
10.112391,-3521.461182
10.108322,-3245.592773
10.104252,-3686.531250
10.100183,-2780.548340
10.096113,-2978.524658
10.092045,-3314.320557
10.087975,-3096.362793
10.083905,-3364.654541
10.079836,-3157.041992
10.075767,-2872.838623
10.071697,-3477.508057
10.067628,-2937.109375
10.063559,-3326.116943
10.059489,-3631.202393
10.055420,-3212.543213
10.051351,-3527.401855
10.047281,-3397.790527
10.043211,-3241.257080
10.039143,-3350.859863
10.035072,-3270.881592
10.031004,-2986.686279
10.026934,-3258.189697
10.022865,-3352.796143
10.018795,-3198.280029
10.014727,-2804.332764
10.010656,-3295.986084
10.006587,-3281.677002
10.002518,-3010.168457
9.998448,-3388.175293
9.994379,-3102.906494
9.990310,-3245.092041
9.986240,-3273.718750
9.982171,-2969.025879
9.978102,-3374.950195
9.974032,-3337.576660
9.969963,-3391.286865
9.965893,-3533.355469
9.961824,-3288.542480
9.957754,-3234.601807
9.953686,-3112.050781
9.949615,-3605.287109
9.945547,-3567.216797
9.941477,-3218.067627
9.937408,-3496.100830
9.933338,-3316.258301
9.929270,-3332.358154
9.925200,-3211.513184
9.921130,-3321.295166
9.917061,-3293.531006
9.912992,-3047.496582
9.908922,-3161.103516
9.904853,-3148.633789
9.900784,-3353.108887
9.896714,-3355.567627
9.892645,-3234.204590
9.888576,-3186.885742
9.884506,-3098.809570
9.880436,-2997.978516
9.876368,-3388.578613
9.872297,-3156.631104
9.868229,-3268.322510
9.864159,-3227.111328
9.860090,-3333.609863
9.856020,-3562.551025
9.851952,-3069.965576
9.847881,-3083.041260
9.843812,-3326.318359
9.839743,-3544.101318
9.835673,-3248.055176
9.831604,-3474.963867
9.827535,-3143.213623
9.823465,-2753.570313
9.819396,-3432.753418
9.815327,-3141.262939
9.811257,-3213.449951
9.807188,-3159.784424
9.803118,-3320.048340
9.799049,-3551.944336
9.794979,-3076.867188
9.790911,-3237.368896
9.786840,-3461.474854
9.782772,-3511.950439
9.778702,-3460.848633
9.774633,-3587.072021
9.770563,-3050.305664
9.766494,-3536.806885
9.762424,-3126.348145
9.758355,-3013.697754
9.754286,-3387.460938
9.750216,-3461.856445
9.746147,-3410.832520
9.742078,-3195.856445
9.738008,-3605.707275
9.733939,-3062.701904
9.729870,-3198.656738
9.725800,-3217.296631
9.721731,-3460.083496
9.717661,-3183.774414
9.713593,-2977.450684
9.709522,-3370.077637
9.705454,-3332.019531
9.701384,-3155.075928
9.697315,-3102.571777
9.693245,-3651.117432
9.689177,-3388.158203
9.685106,-3808.853760
9.681037,-3095.347168
9.676968,-3553.884521
9.672898,-3530.642090
9.668829,-3038.512695
9.664760,-3022.490479
9.660690,-3361.961914
9.656621,-3176.998535
9.652552,-2907.165283
9.648482,-3062.009766
9.644413,-3629.196289
9.640343,-3638.835693
9.636274,-2968.258057
9.632204,-3195.882324
9.628136,-3068.474609
9.624065,-3160.480469
9.619997,-3345.155518
9.615927,-3187.049805
9.611858,-3054.450439
9.607788,-3239.154541
9.603719,-3178.112549
9.599649,-3301.699707
9.595580,-3373.425537
9.591511,-3263.778809
9.587441,-3469.405518
9.583372,-2972.636963
9.579303,-3164.716797
9.575233,-3406.229492
9.571164,-3479.907227
9.567095,-3277.932129
9.563025,-3703.474365
9.558956,-3326.828125
9.554886,-3247.575195
9.550817,-3448.976563
9.546747,-3324.553467
9.542679,-3453.005859
9.538609,-3538.645996
9.534540,-3213.547119
9.530470,-3217.032471
9.526402,-3252.783691
9.522331,-3545.098877
9.518262,-3583.593994
9.514193,-3256.179443
9.510123,-3496.802734
9.506054,-3374.145752
9.501985,-3442.598877
9.497915,-3235.449219
9.493846,-3376.175781
9.489777,-3384.503906
9.485707,-3288.544678
9.481638,-3451.325439
9.477568,-3262.992920
9.473499,-3519.385254
9.469429,-3133.932617
9.465361,-3313.196533
9.461290,-3293.228271
9.457222,-3198.369141
9.453152,-3297.613525
9.449083,-3221.510742
9.445013,-3403.840820
9.440944,-3248.913086
9.436874,-3308.275391
9.432805,-3594.363525
9.428736,-3565.247314
9.424666,-2941.074219
9.420597,-3671.434082
9.416528,-3196.095947
9.412458,-3434.352539
9.408389,-3199.632080
9.404320,-3210.503906
9.400249,-3429.186768
9.396181,-2842.399170
9.392111,-3454.205811
9.388042,-2827.175049
9.383972,-3305.487305
9.379904,-3160.557861
9.375834,-2919.470459
9.371765,-3210.727295
9.367695,-3465.893799
9.363626,-2921.799316
9.359556,-3413.142090
9.355487,-2841.285645
9.351418,-3060.480957
9.347348,-3314.896240
9.343279,-3377.827881
9.339210,-2955.058838
9.335140,-3261.974365
9.331071,-2874.163330
9.327002,-3348.175781
9.322932,-3762.438232
9.318863,-3873.055420
9.314793,-3169.140625
9.310724,-3426.950684
9.306654,-3265.942383
9.302586,-3548.492188
9.298515,-3281.592773
9.294447,-3144.379883
9.290377,-3232.646240
9.286308,-3324.993408
9.282238,-3121.325684
9.278169,-2991.630859
9.274099,-3304.969727
9.270030,-3715.572510
9.265961,-3519.133057
9.261891,-3242.932129
9.257822,-3151.551270
9.253753,-3137.361572
9.249683,-2911.908691
9.245614,-3403.531738
9.241545,-3160.221436
9.237474,-3012.982910
9.233406,-3479.897461
9.229336,-3222.078125
9.225267,-3294.514893
9.221197,-3131.559814
9.217129,-3306.051270
9.213058,-3497.376709
9.208990,-3171.529541
9.204920,-3294.782471
9.200851,-3472.961182
9.196781,-3313.882568
9.192712,-2955.698975
9.188643,-3311.390625
9.184573,-3259.209229
9.180504,-3476.725098
9.176435,-3186.473633
9.172365,-3154.482910
9.168296,-3141.627930
9.164227,-3866.083984
9.160157,-3233.382324
9.156088,-3210.872803
9.152018,-3412.169434
9.147949,-3296.708740
9.143879,-3219.684326
9.139811,-3370.136963
9.135740,-3219.802002
9.131672,-3128.886475
9.127602,-3096.605469
9.123533,-3575.969238
9.119463,-3813.960693
9.115394,-3565.422852
9.111324,-3253.321045
9.107255,-3594.250977
9.103186,-3283.845215
9.099116,-2844.546631
9.095047,-3548.315918
9.090978,-3447.692627
9.086908,-3544.620361
9.082839,-3664.210205
9.078770,-3240.142090
9.074699,-3332.805908
9.070631,-3607.893555
9.066561,-2957.709473
9.062492,-3702.523926
9.058422,-3241.208252
9.054354,-3169.016846
9.050283,-3124.851318
9.046215,-3465.953857
9.042145,-2889.343506
9.038075,-3332.324463
9.034006,-3402.204346
9.029937,-3287.670654
9.025867,-3473.841064
9.021798,-3240.493652
9.017729,-3259.702881
9.013659,-3208.448486
9.009590,-3041.710449
9.005521,-3737.083496
9.001451,-3455.516113
8.997381,-3285.295654
8.993313,-3369.956055
8.989243,-3287.591309
8.985174,-3018.098633
8.981104,-3471.370850
8.977036,-2979.746338
8.972965,-3365.021240
8.968897,-3297.700684
8.964827,-3299.619629
8.960758,-3674.516357
8.956688,-3496.128174
8.952619,-3309.732666
8.948549,-3452.176514
8.944480,-3339.629395
8.940411,-3129.916504
8.936341,-3132.244141
8.932272,-3062.939941
8.928203,-3413.238770
8.924133,-3301.979980
8.920064,-3498.072754
8.915995,-3244.744141
8.911924,-3502.816406
8.907856,-3233.580566
8.903786,-3283.144043
8.899717,-3338.335449
8.895647,-3176.111572
8.891579,-3449.655762
8.887508,-3423.684814
8.883440,-3488.016602
8.879370,-3324.883301
8.875300,-3266.525635
8.871231,-3262.486816
8.867162,-3371.935547
8.863092,-3543.476563
8.859023,-3118.883301
8.854954,-3323.854004
8.850884,-3395.860107
8.846815,-3297.862061
8.842746,-3670.429688
8.838676,-2960.090820
8.834606,-3302.000488
8.830538,-3189.798584
8.826468,-3326.743408
8.822399,-3206.393311
8.818329,-3146.857666
8.814260,-2868.817627
8.810190,-3434.767822
8.806122,-3181.445801
8.802052,-3435.454102
8.797983,-3307.709717
8.793913,-3408.239990
8.789844,-3191.335938
8.785774,-3676.768555
8.781705,-3491.871826
8.777636,-3137.203125
8.773566,-3162.757324
8.769497,-3617.093262
8.765428,-3425.570068
8.761358,-3313.841553
8.757289,-3112.743408
8.753220,-3431.095215
8.749149,-3164.150879
8.745081,-3259.423096
8.741011,-3180.229248
8.736942,-3302.618652
8.732872,-3149.587402
8.728804,-3316.545898
8.724733,-3449.542725
8.720665,-3000.813232
8.716595,-3546.746582
8.712525,-3240.982666
8.708456,-3015.572510
8.704387,-3353.137939
8.700317,-3314.041016
8.696248,-3833.880859
8.692179,-3366.711426
8.688109,-3034.177002
8.684040,-3232.471191
8.679971,-2884.720215
8.675901,-3455.832764
8.671831,-3469.771973
8.667763,-3465.993408
8.663692,-3351.458252
8.659624,-3408.138184
8.655554,-3255.021240
8.651485,-3310.175293
8.647415,-3537.797852
8.643347,-3462.247559
8.639277,-3645.193359
8.635208,-3409.249023
8.631138,-3405.471436
8.627069,-3619.501221
8.622999,-3635.862305
8.618930,-3128.310059
8.614861,-3280.026123
8.610791,-3497.699219
8.606722,-3421.051514
8.602653,-3346.085693
8.598583,-3492.691406
8.594514,-3460.751709
8.590445,-3138.173340
8.586374,-3334.362549
8.582306,-3250.313477
8.578236,-3310.458252
8.574167,-3476.763916
8.570097,-3124.677246
8.566029,-3147.409424
8.561958,-3285.978516
8.557890,-3587.341309
8.553820,-3260.510254
8.549750,-3407.573730
8.545681,-3259.010986
8.541612,-3359.075439
8.537542,-3367.828369
8.533473,-3204.279297
8.529404,-3081.982422
8.525334,-3005.183594
8.521265,-3378.315430
8.517196,-3175.636230
8.513126,-3347.738770
8.509056,-3262.102295
8.504988,-3339.204346
8.500917,-3248.393799
8.496849,-3546.212891
8.492779,-3521.530273
8.488710,-3445.758057
8.484640,-3364.629639
8.480572,-3567.997314
8.476501,-3727.592773
8.472433,-3190.325195
8.468363,-3023.272217
8.464293,-3246.401123
8.460224,-3305.169189
8.456155,-3522.934326
8.452085,-3800.993408
8.448016,-3416.972168
8.443947,-3527.872803
8.439878,-3400.176270
8.435808,-3355.149414
8.431739,-3469.869385
8.427670,-3232.688232
8.423599,-2878.365967
8.419531,-3092.343262
8.415461,-3048.996582
8.411392,-3572.629150
8.407322,-3632.140137
8.403254,-3217.734863
8.399183,-3599.887939
8.395115,-3079.028076
8.391045,-3314.877930
8.386975,-3580.630127
8.382906,-3284.787842
8.378837,-3662.696045
8.374767,-3368.653320
8.370698,-3125.316650
8.366629,-3264.469727
8.362559,-3448.974121
8.358490,-3277.251221
8.354421,-3628.796631
8.350351,-3468.857666
8.346281,-3200.689209
8.342213,-3458.629639
8.338142,-3258.274170
8.334074,-3354.197510
8.330004,-3277.939453
8.325935,-3254.697266
8.321865,-3334.289307
8.317797,-3525.911621
8.313726,-3093.500244
8.309657,-3334.825928
8.305588,-3359.039795
8.301518,-3648.869141
8.297449,-3240.148193
8.293380,-3332.062988
8.289310,-3285.862061
8.285241,-3450.425781
8.281172,-3427.437012
8.277102,-3103.959961
8.273033,-3534.318604
8.268963,-3512.919922
8.264894,-3443.624268
8.260824,-3064.183838
8.256756,-3109.463623
8.252686,-2980.117188
8.248617,-3722.679199
8.244547,-3568.592773
8.240479,-3287.003662
8.236408,-3005.120361
8.232340,-3149.604248
8.228270,-3029.995850
8.224200,-3654.380371
8.220131,-3221.456543
8.216062,-3289.603760
8.211992,-3384.147705
8.207923,-3523.810303
8.203854,-3463.718750
8.199784,-3475.967285
8.195715,-3534.337158
8.191646,-3251.597656
8.187576,-3247.468994
8.183506,-3578.965576
8.179438,-3623.263672
8.175367,-3298.827637
8.171299,-3416.034668
8.167229,-3425.556885
8.163160,-3309.366699
8.159090,-2966.878906
8.155022,-3492.208008
8.150951,-3480.082764
8.146882,-3380.236816
8.142813,-3160.754150
8.138743,-3201.747070
8.134674,-3692.813721
8.130605,-3441.560059
8.126535,-3107.221680
8.122466,-3569.778320
8.118397,-3288.483154
8.114327,-3107.760742
8.110258,-3355.457031
8.106188,-3107.847656
8.102119,-3529.306885
8.098049,-3308.003662
8.093981,-3358.003906
8.089911,-3593.458496
8.085842,-3343.681152
8.081772,-3271.620605
8.077703,-3499.807129
8.073633,-3388.746094
8.069565,-2975.073975
8.065495,-3590.028564
8.061425,-3274.307617
8.057356,-3013.968018
8.053287,-3294.104492
8.049217,-3702.529053
8.045148,-3214.430420
8.041079,-3396.413086
8.037009,-3603.237549
8.032940,-3494.779297
8.028871,-3194.060791
8.024801,-3372.099609
8.020731,-3104.031982
8.016663,-3228.877441
8.012592,-3552.143555
8.008524,-3267.922852
8.004454,-3451.513672
8.000385,-3609.440674
7.996315,-3521.899170
7.992246,-3547.819580
7.988177,-3022.773438
7.984107,-3268.207275
7.980038,-3632.525635
7.975968,-3441.058350
7.971899,-3117.884766
7.967830,-3427.991943
7.963760,-3023.355957
7.959691,-3526.568848
7.955622,-3340.347168
7.951552,-3520.709961
7.947483,-3422.494141
7.943413,-3306.236084
7.939344,-3186.587891
7.935275,-3191.289307
7.931205,-3369.439941
7.927136,-3610.978027
7.923067,-3631.328125
7.918997,-3332.059570
7.914928,-3366.617188
7.910859,-2959.226074
7.906789,-3389.594482
7.902719,-3248.491455
7.898650,-3336.589844
7.894581,-3360.906982
7.890512,-3344.992920
7.886442,-3379.198486
7.882373,-3480.872803
7.878304,-3144.958252
7.874234,-3799.633545
7.870165,-3571.834229
7.866096,-3404.976074
7.862026,-3536.472656
7.857956,-3465.595703
7.853887,-3792.632813
7.849818,-2960.732178
7.845748,-3199.068359
7.841679,-3215.054199
7.837610,-3380.177246
7.833540,-3398.411377
7.829471,-3392.216064
7.825402,-3496.437988
7.821332,-3287.078857
7.817263,-3305.416016
7.813193,-3247.023438
7.809124,-3168.680664
7.805055,-3330.260986
7.800985,-3485.760986
7.796916,-3293.582031
7.792847,-3317.533936
7.788777,-3341.618896
7.784708,-3288.772461
7.780638,-3266.872559
7.776569,-3029.412109
7.772500,-3399.418701
7.768430,-3057.880127
7.764361,-3551.870117
7.760292,-3330.037354
7.756222,-3521.112061
7.752153,-3507.040283
7.748084,-2945.667969
7.744014,-3251.291748
7.739944,-3028.052246
7.735875,-3162.186279
7.731806,-3595.458984
7.727736,-3258.942627
7.723667,-3295.687744
7.719598,-3225.732422
7.715528,-3205.934326
7.711459,-3255.100586
7.707390,-3356.610352
7.703320,-3449.666748
7.699251,-3335.247803
7.695181,-3353.039795
7.691112,-3324.028809
7.687043,-3358.978271
7.682973,-2938.047852
7.678904,-3099.946045
7.674835,-3215.059570
7.670765,-3677.066895
7.666696,-3195.236816
7.662626,-3566.758789
7.658557,-3402.919434
7.654488,-3569.305420
7.650418,-3204.730957
7.646349,-3683.529785
7.642280,-3412.742432
7.638210,-3559.337646
7.634141,-3721.332764
7.630072,-3411.994141
7.626002,-3017.497070
7.621933,-3448.610596
7.617863,-3305.404785
7.613794,-3642.434326
7.609725,-3420.487549
7.605655,-3254.221924
7.601586,-3186.919678
7.597517,-3275.168701
7.593447,-3423.492432
7.589378,-3034.224609
7.585309,-3194.675049
7.581239,-3278.774414
7.577169,-3290.050293
7.573100,-3578.709717
7.569031,-3511.127930
7.564961,-3420.828613
7.560892,-3231.421387
7.556823,-3248.088623
7.552753,-3234.939697
7.548684,-3427.820068
7.544615,-3464.760742
7.540545,-3055.928467
7.536476,-3219.012695
7.532406,-3259.233398
7.528337,-3430.510010
7.524268,-2903.527344
7.520198,-3131.262695
7.516129,-3508.048828
7.512060,-3339.867676
7.507990,-3352.736816
7.503921,-3574.978027
7.499851,-3408.648438
7.495782,-2947.877441
7.491713,-3282.848633
7.487643,-3231.033447
7.483574,-3406.855713
7.479505,-3209.683838
7.475435,-3562.354492
7.471366,-3280.003174
7.467297,-3360.582520
7.463227,-3202.918701
7.459157,-3607.636230
7.455088,-2937.272217
7.451019,-3353.968994
7.446949,-3340.489014
7.442880,-3308.850098
7.438811,-3528.841309
7.434741,-3476.649658
7.430672,-3220.409912
7.426603,-3265.404785
7.422534,-3283.420898
7.418464,-3215.874023
7.414394,-3432.573242
7.410325,-3355.407471
7.406256,-3422.764648
7.402186,-3625.270996
7.398117,-3360.046387
7.394048,-3337.120117
7.389978,-3764.431152
7.385909,-3495.912109
7.381840,-3271.607178
7.377770,-3368.474609
7.373701,-3645.110840
7.369631,-3513.780762
7.365562,-2740.830566
7.361493,-3265.452881
7.357423,-2567.864990
7.353354,-1553.734985
7.349285,-15.220402
7.345215,4198.982910
7.341146,1243.494751
7.337076,-2315.690186
7.333007,-3180.734619
7.328938,-2929.507324
7.324868,-2940.965820
7.320799,-3270.651367
7.316730,-2863.575439
7.312660,-3071.182861
7.308591,-3471.997803
7.304522,-3557.603516
7.300452,-3111.023438
7.296382,-3046.963867
7.292313,-3149.327148
7.288244,-2931.760742
7.284174,-3547.191162
7.280105,-3239.283936
7.276036,-3831.565918
7.271966,-3423.336182
7.267897,-3203.018066
7.263828,-3253.398438
7.259758,-3036.248779
7.255689,-3383.260986
7.251619,-3180.970215
7.247550,-2497.589600
7.243481,-3039.086914
7.239411,-2973.317383
7.235342,-3208.664063
7.231273,-2925.450195
7.227203,-3073.090576
7.223134,-3038.713623
7.219065,-3106.291504
7.214995,-3442.093994
7.210926,-3301.440186
7.206856,-3535.719238
7.202787,-3260.198730
7.198718,-3343.410889
7.194648,-3292.390137
7.190579,-3472.287354
7.186510,-3695.925293
7.182440,-3436.434326
7.178371,-3497.008301
7.174301,-3280.029053
7.170232,-3489.576904
7.166162,-3369.052246
7.162093,-3284.577393
7.158024,-3261.244385
7.153955,-3427.766846
7.149885,-3647.887695
7.145816,-3487.493896
7.141747,-3298.532227
7.137677,-3471.546631
7.133607,-3436.399170
7.129538,-3444.604248
7.125469,-3132.604248
7.121399,-3324.364746
7.117330,-3724.487549
7.113261,-3319.086426
7.109191,-3550.500977
7.105122,-3389.107178
7.101053,-3495.142822
7.096983,-3728.031494
7.092914,-3380.711670
7.088844,-3507.384277
7.084775,-3395.778809
7.080706,-3203.634033
7.076636,-3356.107910
7.072567,-3172.290283
7.068498,-3205.273682
7.064428,-3138.542236
7.060359,-3113.348633
7.056290,-2892.164307
7.052220,-3657.017822
7.048151,-3438.001221
7.044081,-2992.281494
7.040012,-3131.077148
7.035943,-3240.391357
7.031873,-3448.334473
7.027804,-3551.645264
7.023735,-3726.325439
7.019665,-3293.559814
7.015595,-3528.120605
7.011526,-3218.471924
7.007457,-4099.528809
7.003387,-3382.261719
6.999318,-3241.702637
6.995249,-3472.813965
6.991179,-3742.703369
6.987110,-3352.379395
6.983041,-3311.366943
6.978971,-3247.116699
6.974902,-3339.034912
6.970832,-3607.473877
6.966763,-3371.470947
6.962694,-3586.214111
6.958624,-3907.781006
6.954555,-3448.197754
6.950486,-3796.667236
6.946416,-3448.910400
6.942347,-3279.198486
6.938278,-3603.200684
6.934208,-3371.468994
6.930139,-3421.369141
6.926069,-3421.987305
6.922000,-3501.038818
6.917931,-3157.395020
6.913861,-3698.010742
6.909792,-3260.113770
6.905723,-2923.675049
6.901653,-3151.090088
6.897584,-2867.098145
6.893514,-2521.410400
6.889445,-1848.085815
6.885375,-1933.589966
6.881306,-2438.811279
6.877237,-2948.270752
6.873168,-2937.309814
6.869098,-3673.223389
6.865029,-3233.080078
6.860960,-3465.471436
6.856890,-3549.540527
6.852820,-3020.826416
6.848751,-3263.034668
6.844682,-3019.700439
6.840612,-3490.245605
6.836543,-3262.399658
6.832474,-3357.718506
6.828404,-3279.489746
6.824335,-3286.571777
6.820266,-3353.496826
6.816196,-3188.678223
6.812127,-3540.336182
6.808057,-3040.187256
6.803988,-3281.679199
6.799919,-3067.483643
6.795849,-3573.934570
6.791780,-3447.116699
6.787711,-3479.785156
6.783641,-3381.364502
6.779572,-3081.320801
6.775503,-3423.564941
6.771433,-3197.941650
6.767364,-3146.499268
6.763294,-3247.020752
6.759225,-3390.738037
6.755156,-3616.229004
6.751086,-3804.793701
6.747017,-2825.583008
6.742948,-3492.002686
6.738878,-3437.511475
6.734809,-3492.181396
6.730739,-3173.161865
6.726670,-3856.429443
6.722600,-3196.821045
6.718531,-3555.670166
6.714462,-3447.239502
6.710392,-3380.643799
6.706323,-3604.329590
6.702254,-3435.013428
6.698184,-3032.608887
6.694115,-3090.263184
6.690045,-3473.238281
6.685976,-3549.190430
6.681907,-3365.269531
6.677837,-3206.181152
6.673768,-3676.406494
6.669699,-3524.853760
6.665629,-3603.046875
6.661560,-3404.251465
6.657491,-3405.184814
6.653421,-3630.457764
6.649352,-3250.504639
6.645283,-3211.735107
6.641213,-3446.720215
6.637144,-3753.950439
6.633075,-3544.758057
6.629004,-3273.589600
6.624935,-3327.748291
6.620866,-3234.053955
6.616796,-3569.718262
6.612727,-3559.652344
6.608658,-3401.779541
6.604589,-3406.185059
6.600519,-3436.498047
6.596450,-2994.924805
6.592381,-3664.093018
6.588311,-3656.992676
6.584242,-3799.377686
6.580173,-3436.423584
6.576103,-3244.429443
6.572034,-3584.245850
6.567965,-3229.636475
6.563895,-3358.876465
6.559826,-3301.198486
6.555757,-3498.622559
6.551687,-3108.782959
6.547617,-3647.793457
6.543548,-2962.595459
6.539478,-3221.377441
6.535409,-3286.910400
6.531340,-3685.281006
6.527270,-3695.168457
6.523201,-3575.523682
6.519132,-3256.615479
6.515062,-2942.840576
6.510993,-3653.669922
6.506924,-3593.743408
6.502854,-3095.701416
6.498785,-3591.530029
6.494716,-3392.372314
6.490646,-3566.242188
6.486577,-3286.234619
6.482508,-3497.738037
6.478438,-3506.342529
6.474369,-3479.606445
6.470300,-3222.932129
6.466229,-3355.545166
6.462160,-3725.124268
6.458091,-3382.266357
6.454021,-3435.901123
6.449952,-2826.750488
6.445883,-2981.677490
6.441813,-3099.105469
6.437744,-3368.156738
6.433675,-3645.238281
6.429605,-3134.672607
6.425536,-3462.608154
6.421467,-3340.775146
6.417397,-3102.702393
6.413328,-2791.716797
6.409259,-3053.269287
6.405190,-3331.437256
6.401120,-2664.413086
6.397051,-2898.881348
6.392982,-2855.792725
6.388912,-2951.096191
6.384842,-3441.365967
6.380773,-2793.783691
6.376703,-2681.471191
6.372634,-3045.985840
6.368565,-3143.567627
6.364495,-2812.365479
6.360426,-3458.640625
6.356357,-3164.187988
6.352287,-3096.001709
6.348218,-229.242477
6.344149,-3291.497559
6.340079,-3391.275146
6.336010,-3387.862549
6.331941,-3144.728027
6.327871,-3264.757324
6.323802,-3215.296143
6.319733,-3192.847168
6.315663,-3732.733154
6.311594,-3148.846436
6.307524,-3399.690430
6.303454,-3337.899170
6.299385,-3343.689941
6.295316,-3366.267090
6.291246,-2955.618408
6.287177,-3516.128174
6.283108,-3287.060059
6.279038,-3207.240234
6.274969,-3127.511475
6.270900,-3311.808105
6.266830,-3439.520752
6.262761,-3172.455566
6.258692,-3467.293213
6.254622,-3387.263184
6.250553,-3434.996826
6.246484,-2830.347168
6.242414,-3140.451660
6.238345,-3092.672363
6.234276,-3763.615234
6.230206,-3411.795166
6.226136,-3408.136719
6.222067,-3232.940674
6.217998,-3452.496582
6.213928,-3330.771729
6.209859,-3348.673584
6.205790,-3407.263672
6.201720,-3466.862549
6.197651,-3155.765625
6.193582,-3175.422119
6.189512,-3370.458740
6.185443,-3092.121582
6.181374,-3660.140381
6.177304,-3368.905273
6.173235,-3319.404053
6.169166,-3561.807861
6.165096,-3410.290527
6.161027,-3181.231445
6.156958,-3473.475098
6.152888,-3558.694824
6.148819,-3692.409912
6.144749,-3038.203613
6.140679,-3364.375000
6.136610,-3346.881592
6.132541,-3569.924316
6.128471,-3331.995117
6.124402,-3354.229980
6.120333,-2984.253662
6.116263,-3857.867432
6.112194,-3033.098877
6.108125,-3624.863770
6.104055,-3566.756348
6.099986,-3418.554199
6.095917,-3291.665771
6.091847,-3593.287842
6.087778,-3374.273193
6.083709,-3309.879395
6.079639,-3259.192139
6.075570,-3427.886475
6.071501,-3345.105469
6.067431,-3489.498047
6.063361,-3749.001709
6.059292,-3248.854980
6.055223,-3519.534912
6.051153,-3713.274170
6.047084,-3376.110596
6.043015,-3576.051514
6.038945,-3445.048096
6.034876,-3674.276123
6.030807,-3209.769287
6.026737,-3103.903564
6.022668,-3101.997559
6.018599,-3327.356201
6.014529,-3127.308594
6.010460,-3241.203369
6.006391,-3515.989502
6.002321,-3388.994385
5.998252,-3446.373047
5.994183,-3223.585693
5.990113,-3403.600098
5.986044,-3375.589355
5.981974,-3248.497559
5.977904,-3049.361084
5.973835,-3320.416016
5.969766,-3754.242676
5.965696,-3318.632080
5.961627,-3647.941650
5.957558,-3669.396484
5.953488,-3982.655029
5.949419,-3385.051758
5.945350,-3594.733154
5.941280,-3516.914551
5.937211,-3564.495850
5.933142,-3656.111816
5.929072,-3496.965332
5.925003,-3381.663330
5.920934,-3643.673828
5.916864,-3436.121338
5.912795,-3425.187988
5.908726,-3474.847168
5.904656,-3838.959473
5.900586,-3685.663574
5.896517,-3324.513184
5.892447,-3539.570801
5.888378,-3258.461670
5.884309,-3739.385986
5.880239,-3459.988037
5.876170,-3211.092285
5.872101,-3817.482422
5.868032,-3496.728027
5.863962,-3779.410400
5.859893,-3693.469238
5.855824,-3611.558350
5.851754,-3580.106201
5.847685,-3327.775146
5.843616,-3963.050293
5.839546,-3709.893799
5.835477,-3348.865967
5.831408,-4151.479004
5.827338,-3839.874756
5.823269,-3384.097656
5.819199,-3458.683350
5.815129,-3595.825928
5.811060,-3638.001709
5.806991,-3336.970703
5.802921,-3676.799072
5.798852,-3640.983154
5.794783,-3778.862793
5.790713,-3769.907959
5.786644,-3702.405273
5.782575,-3564.967529
5.778505,-3701.301514
5.774436,-3466.527832
5.770367,-3525.186279
5.766297,-3407.094727
5.762228,-3148.210693
5.758159,-3342.459961
5.754089,-2519.400879
5.750020,-2802.822510
5.745951,-3217.225342
5.741881,-2906.260254
5.737811,-2994.231445
5.733742,-2771.803711
5.729672,-3183.643799
5.725603,-3069.513916
5.721534,-3285.992920
5.717464,-3065.634277
5.713395,-3196.913818
5.709326,-3165.173584
5.705256,-3250.888428
5.701187,-3341.014648
5.697118,-3622.604004
5.693048,-3226.855469
5.688979,-3236.710938
5.684910,-3537.374512
5.680840,-3420.377197
5.676771,-3649.618408
5.672702,-3468.768799
5.668633,-3474.507813
5.664563,-3324.773682
5.660494,-3725.491699
5.656424,-3803.415771
5.652354,-3845.856201
5.648285,-3617.144531
5.644216,-3627.247559
5.640146,-3303.031250
5.636077,-3612.143799
5.632008,-3852.160889
5.627938,-3904.031494
5.623869,-3864.588623
5.619800,-3546.883301
5.615730,-3396.502930
5.611661,-3675.190918
5.607592,-3548.317627
5.603522,-3476.649902
5.599453,-3356.361084
5.595384,-2649.974365
5.591314,-2770.870850
5.587245,-2134.422363
5.583176,-1800.153809
5.579105,-622.029114
5.575036,-168.996201
5.570967,-241.037933
5.566897,603.713074
5.562828,1109.857056
5.558759,3018.697266
5.554689,4015.001221
5.550620,4225.505371
5.546551,5741.550293
5.542481,8969.673828
5.538412,15402.968750
5.534343,25210.890625
5.530273,42021.750000
5.526204,78384.382813
5.522135,169966.437500
5.518065,283500.812500
5.513996,272239.187500
5.509927,152227.687500
5.505857,55436.941406
5.501788,22913.078125
5.497718,17875.404297
5.493649,16750.302734
5.489579,15791.094727
5.485510,14848.761719
5.481441,13619.750977
5.477371,12938.205078
5.473302,11178.493164
5.469233,8182.774414
5.465163,6339.038086
5.461094,5426.252441
5.457025,4758.437012
5.452955,3819.088379
5.448886,4198.575195
5.444817,3477.638916
5.440747,3608.246094
5.436678,4465.194336
5.432609,4618.225586
5.428539,4423.428223
5.424470,4298.779297
5.420401,4498.059570
5.416330,4342.943359
5.412261,4095.142334
5.408192,3286.840576
5.404122,3232.858887
5.400053,2570.406494
5.395984,2095.864990
5.391914,1176.756836
5.387845,627.554504
5.383776,745.255310
5.379706,503.529358
5.375637,151.123886
5.371568,-663.615417
5.367498,-553.445435
5.363429,-486.548523
5.359360,-1168.985474
5.355290,-945.908875
5.351221,-1065.575806
5.347152,-1211.326538
5.343082,-2022.588745
5.339013,-2085.319580
5.334943,-1828.219360
5.330873,-2082.863037
5.326804,-2532.017822
5.322735,-2673.230713
5.318666,-2811.867188
5.314596,-2774.876709
5.310527,-3045.907227
5.306458,-2726.266113
5.302388,-2786.972656
5.298319,-3705.563965
5.294250,-3578.575684
5.290180,-4015.857422
5.286111,-3211.218018
5.282042,-2646.513184
5.277972,-3288.498779
5.273903,-3468.342773
5.269834,-2147.707520
5.265764,-2461.435059
5.261695,-2486.791260
5.257626,-2556.730469
5.253555,-2902.608154
5.249486,-2735.925537
5.245417,-2728.302002
5.241347,-2820.515625
5.237278,-2347.793457
5.233209,-3075.111084
5.229139,-2736.789063
5.225070,-2590.930420
5.221001,-2976.921143
5.216931,-2940.328857
5.212862,-2756.326172
5.208793,-2811.394531
5.204723,-2634.291992
5.200654,-2876.882080
5.196585,-2566.808838
5.192515,-2854.433838
5.188446,-2754.226807
5.184377,-3218.569824
5.180307,-2990.848877
5.176238,-3110.199219
5.172168,-2683.941162
5.168098,-2823.930176
5.164029,-3121.944824
5.159960,-3146.002441
5.155890,-3069.386230
5.151821,-3308.741455
5.147752,-2781.379150
5.143682,-3210.761963
5.139613,-2971.336426
5.135544,-3214.504639
5.131474,-3071.242676
5.127405,-3202.239014
5.123336,-2847.972656
5.119267,-3090.764160
5.115197,-2977.503174
5.111128,-2973.402100
5.107059,-3041.683105
5.102989,-3066.491211
5.098920,-2787.537598
5.094851,-3225.892090
5.090780,-3029.834717
5.086711,-2969.955566
5.082642,-3148.431885
5.078572,-2782.346436
5.074503,-3074.761719
5.070434,-2990.567627
5.066364,-3147.392578
5.062295,-3023.787598
5.058226,-3625.240479
5.054156,-3775.044922
5.050087,-3372.384766
5.046018,-3467.500000
5.041948,-3543.127686
5.037879,-3340.668701
5.033810,-2959.214600
5.029740,-3091.275391
5.025671,-3506.303711
5.021602,-3624.108887
5.017532,-3526.676025
5.013463,-3151.369385
5.009393,-3346.999756
5.005323,-3374.991699
5.001254,-3324.926514
4.997185,-3531.441650
4.993115,-3025.601318
4.989046,-2959.367432
4.984977,-3118.170410
4.980907,-3015.936035
4.976838,-3039.553711
4.972769,-3293.571777
4.968699,-3199.821777
4.964630,-3018.132568
4.960561,-3203.284912
4.956491,-3368.278564
4.952422,-3054.744141
4.948353,-3176.573242
4.944283,-2954.454346
4.940214,-3186.966553
4.936145,-3072.589111
4.932075,-3320.857178
4.928005,-3152.136719
4.923936,-3291.565918
4.919867,-3586.513428
4.915797,-3337.650146
4.911728,-3255.216553
4.907659,-3422.677734
4.903589,-3635.199707
4.899520,-3454.382568
4.895451,-3531.450439
4.891381,-2733.820068
4.887312,-3103.801758
4.883243,-3690.479248
4.879173,-3063.435059
4.875104,-3361.685547
4.871035,-3478.920654
4.866965,-3459.708008
4.862896,-3261.311768
4.858827,-3218.418701
4.854757,-3267.684814
4.850687,-3301.251221
4.846618,-3595.207031
4.842548,-3447.022949
4.838479,-3538.129150
4.834410,-3649.562988
4.830340,-3238.732422
4.826271,-3453.774414
4.822202,-3193.618408
4.818132,-3273.347656
4.814063,-3213.420654
4.809994,-3248.344482
4.805924,-2897.012451
4.801855,-3135.677979
4.797786,-3217.219238
4.793716,-2854.982178
4.789647,-3106.058838
4.785578,-2875.873779
4.781508,-3200.779053
4.777439,-3130.771484
4.773370,-3347.104248
4.769300,-3198.692627
4.765230,-3313.210938
4.761161,-3318.885254
4.757092,-3424.109619
4.753022,-3170.882080
4.748953,-3146.739746
4.744884,-3251.949707
4.740814,-3307.236816
4.736745,-2904.685791
4.732676,-3173.570557
4.728606,-3118.194092
4.724537,-3232.569092
4.720468,-3207.000244
4.716398,-3220.966309
4.712329,-3115.488037
4.708260,-2889.912842
4.704190,-2908.261963
4.700121,-3059.904541
4.696052,-2975.292480
4.691982,-2500.415283
4.687912,-2723.653076
4.683843,-2676.825684
4.679773,-2700.205566
4.675704,-2736.221436
4.671635,-2623.143066
4.667565,-2620.025146
4.663496,-2383.211670
4.659427,-2715.168213
4.655357,-2622.374023
4.651288,-2602.552002
4.647219,-2675.221191
4.643149,-2463.740723
4.639080,-2866.040771
4.635011,-3039.967285
4.630941,-2812.625732
4.626872,-3224.202393
4.622803,-2856.239990
4.618733,-3180.045654
4.614664,-3114.890381
4.610595,-3233.284668
4.606524,-2872.012207
4.602455,-3038.092285
4.598386,-3016.077393
4.594316,-3088.277100
4.590247,-3260.816406
4.586178,-3061.470215
4.582108,-3536.971680
4.578039,-3030.843018
4.573970,-2943.322266
4.569901,-2984.142578
4.565831,-3256.282471
4.561762,-3075.821533
4.557693,-3162.155762
4.553623,-3071.743652
4.549554,-2871.339600
4.545485,-2994.433105
4.541415,-2738.905518
4.537346,-3237.625000
4.533277,-3293.446045
4.529207,-2768.321777
4.525137,-3123.317871
4.521068,-2871.596680
4.516998,-2882.025635
4.512929,-3108.479980
4.508860,-2994.284668
4.504790,-3289.192627
4.500721,-3067.489258
4.496652,-2726.243652
4.492582,-2761.718018
4.488513,-3228.943359
4.484444,-3134.540283
4.480374,-3060.253418
4.476305,-2560.703369
4.472236,-3381.112793
4.468166,-3246.157471
4.464097,-3081.875488
4.460028,-3209.024170
4.455958,-3178.011230
4.451889,-3419.764160
4.447820,-3247.180908
4.443749,-3229.821289
4.439680,-3187.524170
4.435611,-3560.133301
4.431541,-3109.216797
4.427472,-3184.879639
4.423403,-3283.946777
4.419333,-3034.321289
4.415264,-3277.936523
4.411195,-3384.988525
4.407125,-3303.530518
4.403056,-3570.124023
4.398987,-3459.651855
4.394917,-3063.320557
4.390848,-3411.031982
4.386779,-3447.164063
4.382710,-3431.331543
4.378640,-3580.627930
4.374571,-3220.927979
4.370502,-3488.456543
4.366432,-3359.229980
4.362362,-3033.001709
4.358293,-3517.286133
4.354223,-3062.171387
4.350154,-3555.964355
4.346085,-2827.291260
4.342015,-3021.096191
4.337946,-3309.979980
4.333877,-3361.276611
4.329807,-3196.691406
4.325738,-3349.871582
4.321669,-2962.029541
4.317599,-3634.843750
4.313530,-2928.374756
4.309461,-3460.094482
4.305391,-3284.961670
4.301322,-3522.492188
4.297253,-3171.255371
4.293183,-3580.995605
4.289114,-3514.678467
4.285045,-3314.943604
4.280974,-3399.502686
4.276905,-3284.737061
4.272836,-3208.458984
4.268766,-3382.683105
4.264697,-3418.752686
4.260628,-2893.379395
4.256558,-3100.601807
4.252489,-3152.027588
4.248420,-3304.050537
4.244350,-3153.785156
4.240281,-3479.342285
4.236212,-3615.689453
4.232142,-3162.748291
4.228073,-3214.451660
4.224004,-3058.573486
4.219934,-3626.091309
4.215865,-2976.367920
4.211796,-2812.674072
4.207726,-3163.554199
4.203656,-3285.241699
4.199587,-3751.038330
4.195518,-3247.914307
4.191448,-3519.514648
4.187379,-3488.218018
4.183310,-3531.599365
4.179240,-3724.201416
4.175171,-3580.933350
4.171102,-3203.059082
4.167032,-2888.109619
4.162963,-3296.562012
4.158894,-3560.177979
4.154824,-3136.866699
4.150755,-3138.624023
4.146686,-2197.621338
4.142616,-1908.136597
4.138547,-2078.409668
4.134478,-2484.694580
4.130408,-3153.814941
4.126339,-3179.080566
4.122269,-3237.930176
4.118199,-3201.479736
4.114130,-3361.451416
4.110061,-3526.707275
4.105991,-3172.480225
4.101922,-2959.098145
4.097853,-3239.833984
4.093783,-3179.797852
4.089714,-3228.477051
4.085645,-3425.875977
4.081575,-3447.572266
4.077506,-3271.389648
4.073437,-3123.945068
4.069367,-3184.127441
4.065298,-3149.079102
4.061229,-3182.079590
4.057159,-2972.472168
4.053090,-3245.498291
4.049021,-2841.882324
4.044951,-3490.057373
4.040881,-3712.397705
4.036812,-3310.534424
4.032743,-3298.440918
4.028673,-3456.164551
4.024604,-3626.656494
4.020535,-3413.114502
4.016465,-3548.514160
4.012396,-3337.860596
4.008327,-3425.628174
4.004257,-2811.282471
4.000188,-3703.958984
3.996119,-3630.433594
3.992049,-3322.189453
3.987980,-3205.804688
3.983911,-3474.864746
3.979841,-3152.275879
3.975772,-3142.502441
3.971703,-3050.678955
3.967633,-3294.712891
3.963564,-3224.346436
3.959494,-3586.313477
3.955424,-3708.056885
3.951355,-3261.032227
3.947286,-3051.844238
3.943216,-3387.622803
3.939147,-2759.047852
3.935078,-3191.921875
3.931008,-3144.774658
3.926939,-3350.943115
3.922870,-3375.095215
3.918800,-3138.635498
3.914731,-3310.332520
3.910662,-3042.490723
3.906592,-3296.037354
3.902523,-3090.492676
3.898454,-3464.157471
3.894384,-3350.997070
3.890315,-2763.055664
3.886246,-3285.477295
3.882176,-3152.302002
3.878106,-3057.510986
3.874037,-3404.163818
3.869967,-3204.964355
3.865898,-3383.841797
3.861829,-2921.452881
3.857759,-2973.175781
3.853690,-3064.604492
3.849621,-3344.481689
3.845551,-2912.547607
3.841482,-3523.819336
3.837413,-3138.808105
3.833344,-3327.344727
3.829274,-2825.081055
3.825205,-3171.818848
3.821136,-3001.472900
3.817066,-2842.389648
3.812997,-3204.251709
3.808928,-3110.783691
3.804858,-2903.882324
3.800789,-2840.034424
3.796719,-2387.156250
3.792649,-2704.528320
3.788580,-2616.119385
3.784511,-2440.988770
3.780441,-2256.681885
3.776372,-2245.335693
3.772303,-2105.981445
3.768233,-536.559143
3.764164,-1989.858032
3.760095,-2768.904541
3.756025,-2902.160156
3.751956,-3082.001221
3.747887,-3327.190430
3.743817,-3094.164795
3.739748,-3313.344971
3.735679,-3021.259521
3.731609,-2787.673096
3.727540,-2898.367920
3.723471,-3114.964844
3.719401,-2709.669434
3.715331,-3149.907715
3.711262,-3283.861328
3.707192,-3360.179688
3.703123,-2650.260254
3.699054,-2759.942871
3.694984,-3264.358643
3.690915,-2876.084473
3.686846,-2927.052490
3.682776,-3047.791260
3.678707,-2953.265625
3.674638,-2435.762451
3.670568,-2434.257080
3.666499,-2115.549316
3.662430,-1548.313965
3.658360,-1404.531494
3.654291,-1484.564941
3.650222,-655.039124
3.646152,-895.413208
3.642083,-283.848053
3.638014,395.031616
3.633944,2189.351074
3.629874,4790.894043
3.625805,9703.317383
3.621736,18375.642578
3.617666,26026.107422
3.613597,39173.316406
3.609528,43638.976563
3.605458,51404.136719
3.601389,44541.300781
3.597320,39973.519531
3.593250,27557.443359
3.589181,18705.712891
3.585112,10604.154297
3.581042,6083.176270
3.576973,3266.209229
3.572904,2127.629395
3.568834,1422.198242
3.564765,970.431824
3.560696,724.893982
3.556625,378.792786
3.552556,13.293499
3.548487,86.158012
3.544417,-711.732727
3.540348,-936.221130
3.536279,-728.238159
3.532209,-1041.725830
3.528140,-854.942993
3.524071,-814.665222
3.520001,-985.963196
3.515932,-1010.088562
3.511863,-1044.952026
3.507793,-1450.530151
3.503724,-1058.065063
3.499655,-1552.320313
3.495585,-1249.053711
3.491516,-1412.217896
3.487447,-1404.206909
3.483377,-1597.516479
3.479308,-1655.893188
3.475238,-2091.265137
3.471169,-2606.700439
3.467099,-1696.741699
3.463030,-2234.408447
3.458961,-2210.786621
3.454891,-2548.558105
3.450822,-2640.086182
3.446753,-2600.778809
3.442683,-2931.303223
3.438614,-2792.070801
3.434545,-2670.452637
3.430475,-2905.540527
3.426406,-2610.804932
3.422337,-2761.582764
3.418267,-3070.457031
3.414198,-3167.620850
3.410129,-2852.252441
3.406059,-3211.242188
3.401990,-3221.990723
3.397921,-2988.112793
3.393850,-3217.251709
3.389781,-3157.968018
3.385712,-3628.405273
3.381642,-3265.285889
3.377573,-3246.202881
3.373504,-3003.068604
3.369434,-3335.771484
3.365365,-2811.894531
3.361296,-2879.591064
3.357226,-3181.276367
3.353157,-3579.090576
3.349088,-3423.560059
3.345018,-3252.106201
3.340949,-3360.967529
3.336880,-3285.681396
3.332810,-3028.310303
3.328741,-2781.950684
3.324672,-3132.375000
3.320602,-2873.045166
3.316533,-2833.255859
3.312463,-2709.191162
3.308393,-1978.349731
3.304324,-2341.657715
3.300255,-1980.467285
3.296185,-2817.544678
3.292116,-2544.482666
3.288047,-2702.388184
3.283978,-3029.035400
3.279908,-3234.585693
3.275839,-2999.549805
3.271770,-3423.217285
3.267700,-3144.912842
3.263631,-3007.939697
3.259562,-2992.626221
3.255492,-3078.015869
3.251423,-2948.287109
3.247354,-2977.763428
3.243284,-3222.695557
3.239215,-3190.361816
3.235146,-2889.702881
3.231075,-2651.889893
3.227006,-2365.391113
3.222937,-2626.500977
3.218867,-2878.264160
3.214798,-3269.712646
3.210729,-3124.181152
3.206659,-2893.951904
3.202590,-3346.746338
3.198521,-3070.283936
3.194451,-3361.378418
3.190382,-3235.764160
3.186313,-3200.030762
3.182243,-3198.758301
3.178174,-2933.012207
3.174105,-2326.917480
3.170035,-2621.093994
3.165966,-2524.746094
3.161897,-2561.537842
3.157827,-2278.807861
3.153758,-2667.607422
3.149688,-2529.942383
3.145618,-2745.340820
3.141549,-3009.483887
3.137480,-2513.330811
3.133410,-2335.186279
3.129341,-2031.845337
3.125272,-1950.298828
3.121202,-1493.049561
3.117133,-320.728424
3.113064,2222.502441
3.108994,7482.201660
3.104925,8166.252930
3.100856,3261.925537
3.096786,-971.927002
3.092717,-1832.514038
3.088648,-1945.805054
3.084579,-1864.053223
3.080509,-2070.405273
3.076440,-2150.670166
3.072371,-2353.395996
3.068300,-2423.746582
3.064231,-2141.245605
3.060162,-2430.118164
3.056092,-2224.067383
3.052023,-1923.317505
3.047954,-2236.938965
3.043884,-2570.240723
3.039815,-1449.846924
3.035746,-1357.711914
3.031676,-2189.715332
3.027607,-1071.688232
3.023538,-3122.917969
3.019468,-2563.704590
3.015399,-2326.453857
3.011330,-2266.845947
3.007260,-2346.897217
3.003191,-2663.850830
2.999122,-2117.883789
2.995052,-2322.461670
2.990983,-2376.342041
2.986913,-2265.696533
2.982843,-2579.527344
2.978774,-1767.658325
2.974705,-617.590332
2.970635,-1434.640747
2.966566,-1949.296021
2.962497,-885.885193
2.958427,-2637.483398
2.954358,-2484.897949
2.950289,-1841.363647
2.946219,-1347.417358
2.942150,-1324.068726
2.938081,-1478.235962
2.934011,-956.534241
2.929942,-1079.397095
2.925873,-1233.388672
2.921803,-893.778015
2.917734,-925.380493
2.913665,-550.592712
2.909595,-1858.866455
2.905525,4680.365723
2.901456,-2184.464844
2.897387,118.700356
2.893317,-2.465493
2.889248,-1007.550842
2.885179,-937.161194
2.881109,-1487.882080
2.877040,-1720.421997
2.872971,-1836.581909
2.868901,-2131.700195
2.864832,-2025.110962
2.860763,-1873.823608
2.856693,-1923.033081
2.852624,-1412.305786
2.848555,-1497.609985
2.844485,-1935.158936
2.840416,-1568.068848
2.836347,-1769.955811
2.832277,-1555.134644
2.828207,-2235.288818
2.824138,-2067.353027
2.820068,-2113.654053
2.815999,-1946.970947
2.811930,-1796.780762
2.807860,-1931.549438
2.803791,-1894.352539
2.799722,-1483.049438
2.795652,-1635.924805
2.791583,-1985.845703
2.787514,-1750.167969
2.783444,-2011.019531
2.779375,-1561.158569
2.775306,-1734.739746
2.771236,-2338.426514
2.767167,-1832.726196
2.763098,-2187.777588
2.759028,-1997.022949
2.754959,-2150.001709
2.750890,-1994.832886
2.746819,-1581.243896
2.742750,-1652.499390
2.738681,-4064.742188
2.734612,-3484.324463
2.730542,-1056.486572
2.726473,-485.497406
2.722404,-1786.702881
2.718334,-1975.693115
2.714265,-2041.296143
2.710196,-2234.944580
2.706126,-2124.560547
2.702057,-2337.598877
2.697988,-2417.697266
2.693918,-3011.393311
2.689849,-2406.097168
2.685780,-2862.452881
2.681710,-2593.035156
2.677641,-2712.311768
2.673572,-2773.175537
2.669502,-2646.340332
2.665432,-2303.373535
2.661363,-2590.705566
2.657293,-2966.989502
2.653224,-2910.737549
2.649155,-3121.016846
2.645085,-2385.126465
2.641016,-2604.114990
2.636947,-2559.866211
2.632877,-2335.229248
2.628808,-1578.415894
2.624739,-2072.008545
2.620669,-3477.079834
2.616600,-3508.093262
2.612531,-2814.601563
2.608461,-2294.312500
2.604392,-2131.923828
2.600323,-2950.740723
2.596253,-2465.022461
2.592184,-2733.719971
2.588115,-3153.848877
2.584044,-2423.948730
2.579975,-3129.149170
2.575906,-2544.744141
2.571836,-4766.980469
2.567767,-3660.900391
2.563698,-2978.051270
2.559628,-1907.279175
2.555559,-1512.674561
2.551490,-1919.349365
2.547421,-2086.932617
2.543351,-1735.849731
2.539282,-1574.307129
2.535213,-2059.929199
2.531143,-3298.280518
2.527074,-3485.010986
2.523005,-2250.060303
2.518935,-1580.220581
2.514866,-1924.477051
2.510797,-1799.824585
2.506727,-361.315216
2.502657,-447.565033
2.498588,-3146.033936
2.494518,-3604.019287
2.490449,-3490.110352
2.486380,-3027.474609
2.482310,-2827.056885
2.478241,-2418.485596
2.474172,-2663.258545
2.470102,-1816.980713
2.466033,-3406.715820
2.461964,-1969.536865
2.457894,-2676.549805
2.453825,-1956.586304
2.449756,-2033.439697
2.445686,-2094.814453
2.441617,-2493.668213
2.437548,-1847.910645
2.433478,-2571.985352
2.429409,-2356.740967
2.425340,-2838.392578
2.421269,-2480.814941
2.417200,-2605.150146
2.413131,-2469.753906
2.409061,-2331.282959
2.404992,-1977.278809
2.400923,-2000.894653
2.396853,-1633.185913
2.392784,-2217.585449
2.388715,-2046.959595
2.384645,-1756.849731
2.380576,-1916.961670
2.376507,-2146.181885
2.372437,-1821.193604
2.368368,-2021.827148
2.364299,-2228.502197
2.360229,-2437.359863
2.356160,-2684.959473
2.352091,-2586.008789
2.348022,-2365.547852
2.343952,-2013.261108
2.339882,-2038.265747
2.335813,-2113.771973
2.331743,-1967.137329
2.327674,-2118.095215
2.323605,-1579.446777
2.319535,-1224.580322
2.315466,-1015.752075
2.311397,-122.176895
2.307327,1110.375000
2.303258,1141.097168
2.299189,2023.435181
2.295119,2395.707031
2.291050,4193.395996
2.286981,5181.066406
2.282911,6444.142090
2.278842,9622.839844
2.274773,6878.548340
2.270703,7652.039063
2.266634,14807.482422
2.262565,17566.318359
2.258494,23817.517578
2.254425,36971.207031
2.250356,60778.671875
2.246286,139217.234375
2.242217,162631.234375
2.238148,253306.453125
2.234078,187725.875000
2.230009,157270.750000
2.225940,76977.546875
2.221870,37823.664063
2.217801,19903.257813
2.213732,21855.189453
2.209662,20210.330078
2.205593,18392.537109
2.201524,17693.541016
2.197454,17287.255859
2.193385,20416.191406
2.189316,22828.808594
2.185246,27376.343750
2.181177,33066.953125
2.177107,47787.296875
2.173038,74386.453125
2.168968,193136.109375
2.164899,319896.062500
2.160830,175639.593750
2.156760,40010.015625
2.152691,8478.150391
2.148622,19367.658203
2.144552,17808.423828
2.140483,21148.265625
2.136414,18989.632813
2.132344,18374.166016
2.128275,15337.500977
2.124206,18860.205078
2.120136,22110.232422
2.116067,24410.802734
2.111998,20924.152344
2.107928,24653.214844
2.103859,30542.451172
2.099789,31198.013672
2.095719,39691.402344
2.091650,45255.421875
2.087581,40565.902344
2.083511,41609.824219
2.079442,44798.214844
2.075373,52388.175781
2.071303,81505.437500
2.067234,121848.437500
2.063165,160412.656250
2.059095,214381.546875
2.055026,344015.031250
2.050957,601283.625000
2.046887,1694560.875000
2.042818,2325974.500000
2.038749,1268703.750000
2.034679,365870.031250
2.030610,97679.429688
2.026541,117087.601563
2.022471,110109.781250
2.018401,123487.140625
2.014332,112459.546875
2.010262,96412.023438
2.006193,78142.070313
2.002124,73622.671875
1.998055,66114.304688
1.993985,62180.316406
1.989916,55156.191406
1.985847,45999.183594
1.981777,42079.078125
1.977708,38034.398438
1.973639,35240.054688
1.969569,35014.078125
1.965500,40791.171875
1.961431,42457.343750
1.957361,39675.511719
1.953292,39592.429688
1.949223,39722.500000
1.945153,40770.246094
1.941084,39760.398438
1.937014,35831.453125
1.932944,34927.152344
1.928875,31722.531250
1.924806,28154.625000
1.920736,24422.177734
1.916667,20298.173828
1.912598,19627.804688
1.908528,18576.687500
1.904459,16858.599609
1.900390,14493.662109
1.896320,12554.195313
1.892251,12011.223633
1.888182,10432.392578
1.884112,9280.638672
1.880043,9442.773438
1.875974,8632.821289
1.871904,6586.296387
1.867835,5107.019043
1.863766,3647.696289
1.859696,2856.069336
1.855626,1984.707886
1.851557,961.560974
1.847487,221.907532
1.843418,-898.306396
1.839349,-1081.826416
1.835279,-1736.011597
1.831210,-2264.468262
1.827141,-3332.290771
1.823071,-4504.449707
1.819002,-8201.236328
1.814933,-8759.050781
1.810863,3936.880859
1.806794,2007.084839
1.802725,-8144.023926
1.798656,-858.255432
1.794586,2771.430176
1.790517,1084.157959
1.786448,943.691284
1.782378,-420.460114
1.778309,-581.193237
1.774239,-864.585205
1.770169,-975.819519
1.766100,-672.882935
1.762031,-700.422974
1.757961,-800.621033
1.753892,-609.885925
1.749823,-387.890503
1.745753,-294.986969
1.741684,-439.510803
1.737615,-400.630646
1.733545,-223.629684
1.729476,-467.313202
1.725407,-423.640137
1.721337,-97.154366
1.717268,-942.451721
1.713199,-814.957031
1.709129,-1103.758789
1.705060,-1089.175171
1.700991,-1730.276123
1.696921,-1480.068604
1.692851,-1091.752686
1.688782,-1574.828613
1.684712,-1614.211792
1.680643,-1017.378357
1.676574,-1682.338135
1.672504,-1109.998535
1.668435,-1543.794312
1.664366,-1425.417358
1.660296,-1768.007690
1.656227,-1872.186768
1.652158,-1897.491577
1.648088,-1914.106812
1.644019,-1335.176392
1.639950,-1989.632813
1.635880,-1557.936646
1.631811,-1332.144897
1.627742,-1840.574341
1.623672,-1445.588013
1.619603,-1674.157349
1.615534,-1287.800293
1.611464,-1289.119263
1.607394,-1317.112793
1.603325,-1202.381470
1.599256,-1085.304321
1.595186,-803.208923
1.591117,-834.241089
1.587048,-1114.407837
1.582978,-2725.633789
1.578909,-4440.764648
1.574840,-3257.958008
1.570770,-3508.738770
1.566701,-1591.250244
1.562632,-1895.629883
1.558562,-2485.464600
1.554493,-3410.122803
1.550424,-1577.334595
1.546354,-1666.165527
1.542285,-2548.603760
1.538216,-2218.167236
1.534146,-2475.254395
1.530076,-2865.247803
1.526007,-3028.214355
1.521937,-972.594543
1.517868,-1993.302490
1.513799,-779.339661
1.509729,-2106.162842
1.505660,-3013.427246
1.501591,-2359.761230
1.497521,-2654.372314
1.493452,-2537.792725
1.489383,-2387.585693
1.485313,-2958.960938
1.481244,-1966.119385
1.477175,-2200.129395
1.473105,-1406.027832
1.469036,-2023.332397
1.464967,-2268.849365
1.460897,-2633.942871
1.456828,-2722.595459
1.452758,-2627.407959
1.448689,-2701.712891
1.444619,-2570.006592
1.440550,-1827.021851
1.436481,-2259.944336
1.432411,-2362.608643
1.428342,-2218.533447
1.424273,-2854.691162
1.420203,-2581.336182
1.416134,-2141.528564
1.412065,-2547.234863
1.407995,-2261.661621
1.403926,-2469.246582
1.399857,-2531.106201
1.395787,-2332.353271
1.391718,-2250.983887
1.387649,-2259.132813
1.383579,-2213.647217
1.379510,-2531.322021
1.375441,-2486.154297
1.371370,-1872.157593
1.367301,-3102.698975
1.363232,-2872.175781
1.359162,-2654.741211
1.355093,-1998.533813
1.351024,-439.334167
1.346954,-2128.736328
1.342885,-2055.781982
1.338816,-2170.617920
1.334746,-2468.637939
1.330677,-1890.175171
1.326608,-1456.455933
1.322538,-1725.586914
1.318469,-2055.623291
1.314400,-1948.784668
1.310330,-1998.191040
1.306261,-2328.882324
1.302192,-1896.531860
1.298122,-2165.445801
1.294053,-1384.242920
1.289983,-1718.828125
1.285913,-1885.899658
1.281844,-1898.933105
1.277775,-2188.917236
1.273705,-2118.865479
1.269636,-1921.397095
1.265567,-1781.612915
1.261497,-1622.819092
1.257428,-1775.024414
1.253359,-1628.326904
1.249290,-1884.033569
1.245220,-2154.474854
1.241151,-1675.089111
1.237082,-1638.051270
1.233012,-1665.598022
1.228943,-1355.222046
1.224874,-1212.663940
1.220804,-1376.777710
1.216735,-957.762024
1.212666,-309.088257
1.208595,-867.033386
1.204526,-1033.896118
1.200457,-622.370178
1.196387,-508.643860
1.192318,380.001465
1.188249,1610.196289
1.184179,-2496.854980
1.180110,1117.724854
1.176041,1366.212891
1.171971,4579.031738
1.167902,1428.507568
1.163833,-1255.507813
1.159763,-1233.035889
1.155694,-1652.103149
1.151625,-1393.580322
1.147555,-1447.248901
1.143486,-1677.855225
1.139417,-1106.229614
1.135347,-1707.017334
1.131278,-1238.105469
1.127208,-1230.624634
1.123138,-1983.251221
1.119069,-2288.429443
1.115000,-2467.356934
1.110930,-1918.286987
1.106861,-1624.634521
1.102792,-1429.688599
1.098722,-1312.970947
1.094653,-689.055176
1.090584,-1439.340942
1.086514,-1592.060791
1.082445,-1795.562378
1.078376,-1393.979248
1.074306,-1136.293335
1.070237,-1517.708618
1.066168,-1622.037109
1.062099,-1297.402710
1.058029,-1713.927246
1.053960,-1627.653687
1.049891,-1451.277222
1.045820,-977.357605
1.041751,-2382.167969
1.037682,-2002.520508
1.033612,-1285.022583
1.029543,-1054.375610
1.025474,-1546.190430
1.021404,-1246.937744
1.017335,-1630.600220
1.013266,-1381.327637
1.009196,-1298.776733
1.005127,-1417.956543
1.001058,-1634.563843
0.996988,-1049.012085
0.992919,-626.466064
0.988850,204.696762
0.984780,1304.681519
0.980711,5608.089844
0.976642,8728.563477
0.972572,4786.790527
0.968503,-403.338135
0.964433,-2268.880615
0.960363,-2270.393799
0.956294,-2421.677734
0.952225,-2808.648682
0.948155,-2445.937744
0.944086,-2440.278320
0.940017,-2424.423584
0.935947,-2572.624268
0.931878,-2361.628418
0.927809,-2123.578125
0.923739,-2761.916260
0.919670,-2627.558594
0.915601,-2949.707275
0.911531,-3061.113281
0.907462,-2894.581299
0.903393,-2698.895264
0.899323,-2491.860107
0.895254,-2416.208740
0.891185,-1925.462769
0.887115,-1276.213135
0.883045,-2049.983398
0.878976,-1947.259399
0.874907,-2274.230957
0.870837,-1815.871338
0.866768,-2611.240967
0.862699,-2224.546387
0.858629,-3423.330566
0.854560,-2865.033691
0.850491,-2606.556641
0.846421,-2803.928711
0.842352,-2833.840332
0.838283,-2921.729004
0.834213,-2720.215576
0.830144,-2799.456299
0.826075,-3199.154541
0.822005,-2920.065674
0.817936,-3107.501465
0.813867,-2848.933838
0.809797,-3086.197998
0.805728,-2934.306396
0.801658,-2853.091309
0.797588,-3120.116455
0.793519,-3208.866943
0.789450,-3243.247070
0.785380,-2760.013184
0.781311,-2971.542236
0.777242,-2884.196777
0.773172,-3062.603516
0.769103,-2829.552002
0.765034,-2999.486328
0.760964,-3000.945801
0.756895,-3258.850342
0.752826,-3369.663086
0.748756,-3047.852783
0.744687,-3217.048340
0.740618,-2928.812744
0.736548,-2963.375977
0.732479,-3104.344482
0.728410,-3054.896973
0.724339,-2569.021729
0.720270,-3091.671143
0.716201,-3280.630127
0.712132,-3245.212891
0.708062,-3191.507568
0.703993,-3054.972900
0.699924,-2902.272705
0.695854,-3751.927490
0.691785,-3239.454590
0.687716,-3253.023682
0.683646,-3042.596191
0.679577,-3056.063232
0.675508,-3109.502930
0.671438,-2777.114502
0.667369,-3473.175537
0.663300,-3257.846436
0.659230,-3276.927002
0.655161,-2972.696289
0.651092,-3033.910400
0.647022,-3466.651123
0.642952,-3072.486816
0.638883,-3179.417480
0.634813,-3130.088867
0.630744,-3203.970215
0.626675,-3148.608887
0.622605,-3504.804443
0.618536,-3195.150146
0.614467,-3210.368896
0.610397,-3201.206787
0.606328,-3190.847656
0.602259,-3102.215332
0.598189,-2834.261475
0.594120,-2941.736328
0.590051,-2989.759766
0.585981,-3215.823730
0.581912,-3425.146484
0.577843,-3247.008057
0.573773,-3435.897217
0.569704,-2870.645264
0.565635,-3461.649902
0.561564,-3317.110352
0.557495,-3532.279053
0.553426,-3244.986084
0.549356,-3142.536621
0.545287,-3138.433350
0.541218,-2870.918945
0.537148,-3754.824951
0.533079,-3275.292236
0.529010,-3061.330811
0.524940,-3102.838623
0.520871,-3149.145264
0.516802,-2782.168945
0.512733,-3219.024902
0.508663,-2881.727539
0.504594,-2560.397949
0.500525,-3033.152100
0.496455,-2980.486572
0.492386,-2942.177734
0.488317,-3135.976074
0.484247,-3372.167480
0.480177,-2977.683105
0.476108,-3075.277100
0.472038,-2886.235352
0.467969,-3290.186279
0.463900,-2966.969482
0.459830,-2860.587891
0.455761,-3382.443115
0.451692,-3226.724854
0.447622,-3063.606689
0.443553,-3087.668213
0.439484,-3144.891602
0.435414,-2935.811035
0.431345,-3388.356201
0.427276,-3314.788818
0.423206,-3062.626465
0.419137,-3274.221436
0.415068,-2960.100830
0.410998,-2925.757568
0.406929,-3253.783936
0.402860,-2987.361328
0.398789,-3260.695801
0.394720,-3151.990967
0.390651,-3201.589355
0.386581,-3200.573486
0.382512,-3124.595459
0.378443,-2967.508057
0.374373,-3104.489990
0.370304,-2910.540283
0.366235,-3252.932373
0.362165,-3188.702637
0.358096,-3177.302979
0.354027,-3028.625244
0.349957,-3121.792480
0.345888,-2885.492188
0.341819,-2263.510498
0.337749,-2670.638672
0.333680,-2668.655273
0.329611,-1481.893066
0.325541,-1350.640991
0.321472,-1236.680542
0.317402,-2113.549805
0.313333,-1976.309326
0.309263,-2134.772217
0.305194,-1970.563721
0.301125,-2830.490234
0.297055,-3095.641846
0.292986,-2756.183105
0.288917,-2939.453369
0.284847,-2774.661865
0.280778,-2833.196045
0.276709,-2909.205566
0.272639,-3148.306396
0.268570,-2862.900635
0.264501,-2942.875000
0.260431,-2793.279053
0.256362,-2860.281738
0.252293,-3062.390381
0.248223,-3168.611572
0.244154,-2915.965820
0.240085,-2733.815430
0.236014,-2943.950439
0.231945,-2307.795166
0.227876,-2705.597168
0.223806,-2670.408936
0.219737,-2493.601318
0.215668,-2974.259521
0.211598,-2964.490479
0.207529,-2923.229492
0.203460,-3008.235352
0.199390,-3029.264160
0.195321,-3370.848633
0.191252,-2717.816162
0.187182,-3029.601807
0.183113,-3039.365234
0.179044,-2653.653564
0.174974,-2949.022461
0.170905,-2610.857422
0.166836,-3176.262939
0.162766,-2571.841064
0.158697,-3053.415527
0.154627,-2832.097168
0.150558,-2672.425049
0.146488,-2694.388428
0.142419,-2882.389160
0.138350,-2788.051514
0.134280,-3010.530273
0.130211,-3052.383301
0.126142,-2656.010986
0.122072,-2654.980225
0.118003,-3087.300537
0.113934,-2549.427979
0.109864,-3049.955811
0.105795,-2847.610352
0.101726,-2789.541260
0.097656,-2362.760254
0.093587,-2610.223633
0.089518,-2449.458984
0.085448,-2410.658936
0.081379,-2291.626221
0.077309,-1661.151123
0.073239,-906.301941
0.069170,-1009.265076
0.065101,-974.815430
0.061031,661.609680
0.056962,3977.156982
0.052893,3045.633789
0.048823,1462.044067
0.044754,120.596375
0.040685,532.410767
0.036615,1106.173584
0.032546,1008.461060
0.028477,3838.425293
0.024407,7059.477539
0.020338,11393.473633
0.016269,15969.627930
0.012199,23727.679688
0.008130,39990.414063
0.004061,101185.390625
-0.000009,194450.468750
-0.004079,98703.218750
-0.008148,21080.263672
-0.012218,-1593.684814
-0.016287,5643.763672
-0.020356,4166.904297
-0.024426,4508.316895
-0.028495,3400.633545
-0.032564,3144.367432
-0.036633,1297.866455
-0.040703,1417.185425
-0.044772,589.501221
-0.048841,599.804565
-0.052911,3953.880859
-0.056980,2506.240479
-0.061049,1230.368530
-0.065119,-777.936646
-0.069188,-709.110229
-0.073257,-985.000854
-0.077327,-1216.330078
-0.081396,-494.355499
-0.085466,-874.454895
-0.089536,-569.262756
-0.093605,-644.939331
-0.097674,-409.068970
-0.101744,-778.761658
-0.105813,-684.058350
-0.109882,-1607.538574
-0.113952,-1211.195801
-0.118021,-1530.548218
-0.122090,-2078.713623
-0.126160,-2155.600830
-0.130229,-2353.140625
-0.134298,-2042.135010
-0.138368,-2348.807617
-0.142437,-2792.698975
-0.146506,-2712.895996
-0.150576,-2613.695313
-0.154645,-3046.978271
-0.158714,-2924.480713
-0.162784,-2897.738525
-0.166854,-2899.439209
-0.170923,-2950.656738
-0.174993,-3635.945801
-0.179062,-3620.915283
-0.183131,-3547.775146
-0.187201,-4050.905518
-0.191270,-3487.704102
-0.195339,-4002.361084
-0.199409,-3824.931885
-0.203478,-3778.150146
-0.207547,-3727.054443
-0.211617,-3821.798340
-0.215686,-3713.994629
-0.219755,-4187.071289
-0.223825,-4195.400879
-0.227894,-4869.587402
-0.231963,-2907.353516
-0.236032,-3058.209229
-0.240102,-4564.633301
-0.244171,-3988.785889
-0.248241,-3568.330078
-0.252311,-3409.131836
-0.256380,-3258.170410
-0.260449,-3731.755615
-0.264519,-3620.414063
-0.268588,-3684.853027
-0.272657,-3553.895508
-0.276727,-3385.159912
-0.280796,-3790.280762
-0.284865,-3573.315674
-0.288935,-3770.837891
-0.293004,-3095.227051
-0.297073,-3280.881104
-0.301143,-3663.923096
-0.305212,-3737.499756
-0.309281,-3677.713623
-0.313351,-3936.445313
-0.317420,-3540.388428
-0.321489,-3618.590576
-0.325559,-3675.429199
-0.329629,-3712.707764
-0.333698,-3618.089111
-0.337768,-3340.361816
-0.341837,-3772.451660
-0.345906,-3614.869385
-0.349976,-3832.252441
-0.354045,-3637.923828
-0.358114,-3495.903564
-0.362184,-3430.350830
-0.366253,-3697.438477
-0.370322,-3389.092041
-0.374392,-3534.760010
-0.378461,-3811.246338
-0.382530,-3818.195801
-0.386600,-3745.534668
-0.390669,-4050.015137
-0.394738,-3630.586670
-0.398808,-3565.933350
-0.402877,-3526.460693
-0.406946,-3704.751221
-0.411016,-3515.510498
-0.415086,-3236.807373
-0.419155,-3925.738281
-0.423224,-3321.247314
-0.427294,-3498.346436
-0.431363,-3661.975830
-0.435432,-3853.851807
-0.439502,-3633.119873
-0.443571,-3221.035400
-0.447640,-3587.933594
-0.451710,-3360.446533
-0.455779,-3966.682373
-0.459848,-3603.488770
-0.463918,-3773.670166
-0.467987,-3851.347900
-0.472056,-4127.802734
-0.476126,-3398.433594
-0.480195,-3277.775391
-0.484264,-4017.111328
-0.488334,-3945.204590
-0.492404,-3799.484375
-0.496473,-3824.667969
-0.500543,-3571.184326
-0.504612,-3844.791748
-0.508681,-4109.055176
-0.512751,-3443.846436
-0.516820,-3723.262451
-0.520889,-3783.895752
-0.524959,-3477.880127
-0.529028,-3386.700684
-0.533097,-3730.597168
-0.537167,-3542.197754
-0.541236,-3270.366699
-0.545305,-3581.952393
-0.549375,-3543.167236
-0.553444,-3534.687988
-0.557513,-3798.802490
-0.561583,-3531.502441
-0.565652,-3821.581055
-0.569721,-3703.375000
-0.573792,-3519.364746
-0.577861,-4013.086426
-0.581930,-3632.882813
-0.585999,-3652.345215
-0.590069,-3440.957520
-0.594138,-3581.724121
-0.598207,-3958.024658
-0.602277,-3836.965088
-0.606346,-3791.068115
-0.610415,-3674.185791
-0.614485,-3894.139404
-0.618554,-3698.614990
-0.622623,-3695.574707
-0.626693,-3367.870361
-0.630762,-3792.484863
-0.634831,-3774.449951
-0.638901,-3536.518555
-0.642970,-3505.218506
-0.647039,-3522.906006
-0.651110,-3651.951416
-0.655179,-3589.629639
-0.659248,-3439.016113
-0.663318,-4006.714355
-0.667387,-4053.262695
-0.671456,-3374.265625
-0.675526,-3872.103516
-0.679595,-4167.696289
-0.683664,-3505.022705
-0.687734,-3616.219971
-0.691803,-3453.269043
-0.695872,-3821.635498
-0.699942,-3978.571533
-0.704011,-3725.407715
-0.708080,-3648.593018
-0.712150,-3448.448242
-0.716219,-3566.441895
-0.720288,-3506.829590
-0.724358,-3936.787842
-0.728427,-3801.230713
-0.732497,-3558.130859
-0.736567,-3410.656494
-0.740636,-3487.391357
-0.744705,-3692.542236
-0.748775,-3917.802246
-0.752844,-3658.281250
-0.756913,-3412.184814
-0.760983,-3601.994385
-0.765052,-3605.331055
-0.769121,-3530.896973
-0.773190,-4031.347900
-0.777260,-3801.251709
-0.781329,-3606.266113
-0.785398,-3494.675781
-0.789468,-3692.945313
-0.793537,-3518.503418
-0.797606,-3626.122314
-0.801676,-3577.522461
-0.805745,-3520.381104
-0.809814,-3437.235840
-0.813885,-4010.999756
-0.817954,-3876.916260
-0.822023,-3830.386719
-0.826093,-3826.020508
-0.830162,-3637.259277
-0.834231,-3718.041016
-0.838301,-3801.376221
-0.842370,-3652.746094
-0.846439,-3473.641846
-0.850509,-3621.204590
-0.854578,-3483.848877
-0.858647,-3593.712158
-0.862717,-3681.740234
-0.866786,-3116.725098
-0.870855,-2889.042969
-0.874925,-3500.248535
-0.878994,-3964.972168
-0.883063,-3611.892090
-0.887133,-3782.936523
-0.891202,-3534.702148
-0.895272,-3698.438232
-0.899342,-3764.369873
-0.903411,-3958.489502
-0.907480,-3775.955811
-0.911550,-3564.121338
-0.915619,-3779.443848
-0.919688,-3439.558838
-0.923758,-3839.513184
-0.927827,-3500.349854
-0.931896,-4020.690186
-0.935966,-3528.488037
-0.940035,-3324.915039
-0.944104,-3584.928467
-0.948174,-3749.423584
-0.952243,-3742.015625
-0.956312,-3640.986572
-0.960382,-3576.375732
-0.964451,-3506.070801
-0.968520,-3587.864014
-0.972589,-3303.873047
-0.976660,-3192.637207
-0.980729,-3336.974854
-0.984798,-3115.349121
-0.988868,-2972.186035
-0.992937,-3292.768555
-0.997006,-3416.359863
-1.001076,-3961.312012
-1.005145,-3544.541260
-1.009214,-3402.945557
-1.013284,-3791.055908
-1.017353,-3803.732910
-1.021422,-3364.212402
-1.025492,-4079.280762
-1.029561,-3687.535645
-1.033630,-3782.281494
-1.037700,-3411.741455
-1.041769,-3548.424805
-1.045838,-3586.008301
-1.049908,-3569.765625
-1.053977,-3647.910156
-1.058047,-4078.608887
-1.062117,-3665.461182
-1.066186,-3785.268555
-1.070255,-3184.182861
-1.074325,-4033.026611
-1.078394,-3909.226807
-1.082463,-3966.084229
-1.086533,-4036.967529
-1.090602,-3817.413574
-1.094671,-3542.230225
-1.098741,-3952.793701
-1.102810,-3824.605713
-1.106879,-3631.618896
-1.110949,-3512.100098
-1.115018,-3686.373535
-1.119087,-3829.336182
-1.123157,-3802.342529
-1.127226,-3862.003174
-1.131295,-3580.828125
-1.135365,-3806.633789
-1.139435,-4051.651123
-1.143504,-3674.546143
-1.147573,-3534.704102
-1.151643,-3703.153809
-1.155712,-3589.868896
-1.159781,-3872.261963
-1.163851,-3706.327393
-1.167920,-4045.629639
-1.171989,-3845.449707
-1.176059,-3750.795410
-1.180128,-3389.921143
-1.184197,-3754.357178
-1.188267,-3599.425049
-1.192336,-3929.115723
-1.196405,-4038.413086
-1.200475,-3919.940674
-1.204544,-4112.442383
-1.208613,-3771.600098
-1.212683,-4046.095215
-1.216752,-3572.646484
-1.220822,-3657.781738
-1.224892,-3700.756592
-1.228961,-3577.909180
-1.233030,-3494.013672
-1.237100,-3748.507080
-1.241169,-3809.846191
-1.245238,-3669.727539
-1.249308,-3724.759277
-1.253377,-3805.477295
-1.257446,-3863.458984
-1.261516,-3943.082031
-1.265585,-3878.194824
-1.269654,-3667.133789
-1.273724,-3609.251465
-1.277793,-3825.905029
-1.281862,-3778.763184
-1.285932,-3610.050049
-1.290001,-3657.356445
-1.294070,-3701.706055
-1.298141,-3744.737793
-1.302210,-3886.156250
-1.306279,-3748.109375
-1.310349,-3760.217285
-1.314418,-4157.767578
-1.318487,-3614.438721
-1.322556,-3623.241455
-1.326626,-3812.183594
-1.330694,-3774.491699
-1.334764,-3969.499756
-1.338835,-3631.787842
-1.342903,-3775.264404
-1.346973,-3600.763672
-1.351042,-4060.560547
-1.355112,-3268.084229
-1.359180,-3366.699219
-1.363251,-3605.090088
-1.367319,-3612.995605
-1.371389,-3769.782959
-1.375458,-3729.708740
-1.379528,-3958.347168
-1.383596,-4055.242432
-1.387667,-3670.829346
-1.391735,-3836.888428
-1.395805,-4247.278809
-1.399874,-3486.249512
-1.403944,-4159.665039
-1.408012,-3580.268066
-1.412083,-3781.405273
-1.416151,-3953.871826
-1.420221,-4002.721680
-1.424292,-3719.217285
-1.428360,-3735.734131
-1.432430,-3892.575439
-1.436499,-3922.168457
-1.440569,-4140.519531
-1.444637,-3866.288086
-1.448708,-3636.530029
-1.452776,-3460.233643
-1.456846,-4007.708008
-1.460915,-4027.064453
-1.464985,-3857.956055
-1.469053,-3702.643066
-1.473124,-3840.324463
-1.477192,-3916.979248
-1.481262,-3576.599854
-1.485331,-3766.307861
-1.489401,-3584.762451
-1.493469,-3728.283203
-1.497540,-3579.618408
-1.501610,-3908.170654
-1.505678,-4106.204590
-1.509748,-3848.755127
-1.513817,-3999.780518
-1.517887,-3966.120850
-1.521955,-3706.600830
-1.526026,-3932.362305
-1.530094,-3898.054443
-1.534164,-3996.852783
-1.538233,-3385.795898
-1.542303,-3777.186768
-1.546371,-3823.926758
-1.550442,-3928.946533
-1.554510,-3652.114746
-1.558580,-3778.853516
-1.562649,-3654.610352
-1.566719,-3518.894287
-1.570787,-3573.804932
-1.574858,-4026.968506
-1.578926,-3849.831787
-1.582996,-3302.298828
-1.587067,-3783.376221
-1.591135,-3750.115967
-1.595205,-3828.610107
-1.599274,-4081.375977
-1.603344,-4034.675537
-1.607412,-3946.102295
-1.611483,-3977.061768
-1.615551,-3390.260254
-1.619621,-3458.668701
-1.623690,-3761.349609
-1.627760,-3419.770264
-1.631828,-3734.354004
-1.635899,-3716.106689
-1.639967,-3696.206787
-1.644037,-3939.718018
-1.648106,-3850.259277
-1.652176,-3596.189453
-1.656244,-3746.978027
-1.660315,-3952.190430
-1.664385,-4015.535400
-1.668453,-3897.766846
-1.672523,-3701.179932
-1.676592,-4054.523193
-1.680662,-3611.375732
-1.684731,-3779.547607
-1.688801,-3645.823730
-1.692869,-3893.867676
-1.696939,-3596.385010
-1.701008,-3459.497559
-1.705078,-3607.356934
-1.709146,-3854.042236
-1.713217,-3797.807129
-1.717285,-3393.927979
-1.721355,-3219.049561
-1.725424,-3438.064941
-1.729494,-3429.537842
-1.733562,-3657.839844
-1.737633,-3593.826904
-1.741701,-3990.222412
-1.745771,-4106.091797
-1.749842,-3668.633057
-1.753910,-3844.612061
-1.757980,-3720.029297
-1.762049,-3841.246094
-1.766119,-3868.122070
-1.770187,-3767.407227
-1.774258,-3621.871338
-1.778326,-3812.101318
-1.782396,-3466.720459
-1.786465,-3866.977539
-1.790535,-4068.521973
-1.794603,-3770.450928
-1.798674,-3458.844482
-1.802742,-3586.861084
-1.806812,-3951.647217
-1.810881,-3699.775391
-1.814951,-3403.329102
-1.819019,-3796.481934
-1.823090,-3651.498291
-1.827160,-3997.061279
-1.831228,-4147.872070
-1.835299,-3492.492920
-1.839367,-3813.412109
-1.843437,-4048.193848
-1.847506,-3700.886475
-1.851576,-3681.626709
-1.855644,-3947.917236
-1.859715,-3705.902100
-1.863783,-4441.485352
-1.867853,-3362.320068
-1.871922,-3888.373047
-1.875992,-3862.690918
-1.880060,-3658.467041
-1.884130,-3864.218750
-1.888199,-3682.100342
-1.892269,-3557.398438
-1.896338,-3873.880371
-1.900408,-3743.401611
-1.904476,-3887.101074
-1.908546,-3804.265869
-1.912617,-3680.269775
-1.916685,-3829.586182
-1.920755,-3468.605713
-1.924824,-3764.679688
-1.928894,-3797.137939
-1.932962,-3845.231689
-1.937033,-3780.815918
-1.941101,-3943.599609
-1.945171,-4133.799805
-1.949240,-3965.078613
-1.953310,-4069.015869
-1.957378,-3799.832520
-1.961449,-3908.068604
-1.965517,-3538.869141
-1.969587,-3612.811035
-1.973656,-3710.939697
-1.977726,-4150.368652
-1.981794,-3766.734375
