14.499176,-4291.034180
14.495107,-2055.634766
14.491037,-1519.914185
14.486968,-1922.033203
14.482899,-1775.333130
14.478829,-1766.131348
14.474760,-1841.983521
14.470691,-2051.753906
14.466621,-2052.280029
14.462552,-1669.646729
14.458483,-2175.544434
14.454412,-2004.270996
14.450343,-2085.120605
14.446274,-2112.222168
14.442204,-2205.588623
14.438135,-1560.453979
14.434066,-1929.193115
14.429996,-1507.323730
14.425927,-1664.818726
14.421858,-2494.091553
14.417789,-1926.635864
14.413719,-2074.976807
14.409650,-1871.474976
14.405581,-1626.973877
14.401511,-1933.861206
14.397442,-1807.291016
14.393373,-1749.922485
14.389303,-1585.680054
14.385234,-1576.931885
14.381165,-2229.654053
14.377095,-1835.845825
14.373025,-1937.570190
14.368956,-2229.626465
14.364886,-1660.052856
14.360817,-2107.381592
14.356748,-1973.864380
14.352678,-2255.312012
14.348609,-1932.984497
14.344540,-1810.833984
14.340470,-1797.039429
14.336401,-1985.499878
14.332332,-2065.040771
14.328262,-1896.401489
14.324193,-1992.122437
14.320124,-1646.415161
14.316054,-2014.499634
14.311985,-2245.442627
14.307916,-2026.451538
14.303846,-2029.229492
14.299777,-2139.590820
14.295708,-2544.301514
14.291637,-2463.952881
14.287568,-2073.816650
14.283499,-2452.783936
14.279429,-2472.190430
14.275360,-2324.072266
14.271291,-2057.891357
14.267221,-1905.257080
14.263152,-2122.781494
14.259083,-2637.684570
14.255013,-2351.646484
14.250944,-2227.301025
14.246875,-1986.369751
14.242805,-2344.259766
14.238736,-1983.023926
14.234667,-2191.472656
14.230597,-2311.973389
14.226528,-2150.897461
14.222459,-2320.352051
14.218390,-2404.894043
14.214319,-2431.910400
14.210250,-2531.276855
14.206181,-2220.049561
14.202111,-2211.409668
14.198042,-2787.988525
14.193973,-2463.314941
14.189903,-2284.747314
14.185834,-2634.324463
14.181765,-2206.491455
14.177695,-2242.737549
14.173626,-2267.579346
14.169557,-2184.086426
14.165487,-2064.088135
14.161418,-2229.640137
14.157349,-2129.362305
14.153279,-2365.657227
14.149210,-2507.852051
14.145141,-2233.702637
14.141071,-2465.522217
14.137002,-2050.528809
14.132933,-2545.258545
14.128862,-2337.054932
14.124793,-2344.842041
14.120724,-2177.673828
14.116654,-2836.099854
14.112585,-2290.254883
14.108516,-2223.138916
14.104446,-2268.301758
14.100377,-2631.999268
14.096308,-2085.410400
14.092238,-2243.980469
14.088169,-2377.557129
14.084100,-2535.521729
14.080030,-2557.147461
14.075961,-2548.377686
14.071892,-2241.040039
14.067822,-2709.250244
14.063753,-2744.330566
14.059684,-2376.993164
14.055614,-2492.651855
14.051545,-2393.261230
14.047475,-2219.239014
14.043406,-2421.402588
14.039336,-2422.464111
14.035267,-2404.241943
14.031198,-2630.700195
14.027128,-2641.360352
14.023059,-2333.613281
14.018990,-2201.731445
14.014920,-2428.932373
14.010851,-2353.454102
14.006782,-2808.589600
14.002712,-2464.236816
13.998643,-2624.375977
13.994574,-2319.187256
13.990504,-2285.784424
13.986435,-2874.064209
13.982366,-2764.110107
13.978296,-2176.718994
13.974227,-2223.061279
13.970158,-2942.614502
13.966087,-2563.797607
13.962018,-2518.760498
13.957949,-2569.348389
13.953879,-2273.130615
13.949810,-2349.018555
13.945741,-2791.187012
13.941671,-2318.624756
13.937602,-2888.255127
13.933533,-2908.648438
13.929463,-2792.899170
13.925394,-2176.111084
13.921325,-2469.303467
13.917255,-2568.989746
13.913186,-2711.512695
13.909117,-2527.963623
13.905047,-2879.814453
13.900978,-2623.099121
13.896909,-2656.614014
13.892839,-2643.644531
13.888769,-2438.604980
13.884701,-2384.903564
13.880630,-2600.152344
13.876561,-2248.184814
13.872492,-2858.978760
13.868423,-2503.464111
13.864353,-2623.665771
13.860284,-2328.930664
13.856215,-2758.670410
13.852145,-2844.120850
13.848076,-2794.343750
13.844007,-2509.366211
13.839937,-3117.719482
13.835868,-3020.474854
13.831799,-2634.981445
13.827729,-2968.545654
13.823660,-2818.927246
13.819591,-2588.588379
13.815521,-2789.956787
13.811452,-2702.571045
13.807383,-2674.277588
13.803312,-2673.599365
13.799243,-2530.559326
13.795174,-2868.155273
13.791104,-2877.221191
13.787035,-2872.433350
13.782966,-2508.509521
13.778896,-2998.128418
13.774827,-2714.189941
13.770758,-2517.625000
13.766688,-3219.483154
13.762619,-2298.608154
13.758550,-2775.257568
13.754480,-2573.196289
13.750411,-2644.686768
13.746342,-2440.892090
13.742272,-2956.776367
13.738203,-2426.031006
13.734134,-2723.230225
13.730064,-2582.068115
13.725995,-2427.547607
13.721926,-2207.677002
13.717855,-2713.455811
13.713786,-2793.481445
13.709717,-2820.664551
13.705647,-2898.239014
13.701578,-3058.295166
13.697509,-2755.883301
13.693439,-2795.027832
13.689370,-2459.388916
13.685301,-2766.851807
13.681231,-2810.449951
13.677162,-2713.023438
13.673093,-2731.342529
13.669024,-2858.833252
13.664954,-2865.270508
13.660885,-2646.394043
13.656816,-2764.717529
13.652746,-2763.097900
13.648677,-2613.410400
13.644608,-2472.298584
13.640537,-2711.054688
13.636468,-2778.295410
13.632399,-2340.708252
13.628329,-2857.100830
13.624260,-2515.674072
13.620191,-2310.933594
13.616121,-2611.299316
13.612052,-2992.639404
13.607983,-2710.701172
13.603913,-2240.023682
13.599844,-2425.032715
13.595775,-2784.360352
13.591705,-2231.052002
13.587636,-2442.367188
13.583567,-2959.208984
13.579497,-3020.633301
13.575428,-2883.321045
13.571359,-2776.693604
13.567289,-3132.664063
13.563220,-2867.755127
13.559151,-2615.750732
13.555080,-2524.152588
13.551011,-2430.160645
13.546942,-2744.143555
13.542872,-2727.037598
13.538803,-2558.131348
13.534734,-2879.851807
13.530664,-2783.948242
13.526595,-3078.965820
13.522526,-2667.294922
13.518456,-2949.660645
13.514387,-3064.237061
13.510318,-2601.242432
13.506248,-2652.557129
13.502179,-2696.898438
13.498110,-2890.038330
13.494040,-2651.606201
13.489971,-2963.354492
13.485902,-2809.168945
13.481833,-2726.017578
13.477762,-2747.213623
13.473694,-2727.866455
13.469624,-3184.341064
13.465554,-3044.026855
13.461485,-2577.507813
13.457416,-2748.694824
13.453346,-2742.140137
13.449277,-2605.088623
13.445208,-2866.842285
13.441138,-2859.038330
13.437069,-3253.477051
13.433000,-2949.355713
13.428930,-2655.009277
13.424861,-2740.465332
13.420792,-2766.316895
13.416722,-2718.562988
13.412653,-3138.518799
13.408584,-3193.870117
13.404514,-2608.617432
13.400444,-2569.171875
13.396376,-3306.465576
13.392305,-2882.752441
13.388236,-3360.096436
13.384167,-3039.084473
13.380097,-2711.399902
13.376028,-2786.849609
13.371959,-2563.042480
13.367889,-2547.097168
13.363820,-3092.341553
13.359751,-2945.608643
13.355681,-2528.107178
13.351612,-3136.080566
13.347543,-3029.073242
13.343473,-3061.410156
13.339404,-3105.211426
13.335335,-2805.164063
13.331265,-2654.368652
13.327196,-2685.293213
13.323127,-2237.293213
13.319057,-2574.083984
13.314987,-2688.515137
13.310919,-2892.296631
13.306849,-2781.005127
13.302779,-2642.800049
13.298710,-2841.744873
13.294641,-2844.346924
13.290571,-3020.933594
13.286502,-3156.980469
13.282433,-2852.678955
13.278363,-2912.528076
13.274294,-3137.982910
13.270225,-2689.491699
13.266155,-3225.743164
13.262086,-3074.955322
13.258017,-2915.021240
13.253947,-2920.256592
13.249878,-3123.799561
13.245809,-2743.370605
13.241739,-2733.462402
13.237669,-2958.284424
13.233601,-2781.785156
13.229530,-2680.178467
13.225461,-3075.751709
13.221392,-2849.712891
13.217322,-2859.760498
13.213253,-3184.434326
13.209184,-3124.379639
13.205114,-2760.034912
13.201045,-2826.272461
13.196976,-3219.243652
13.192906,-3015.932129
13.188837,-2677.927490
13.184768,-3110.623047
13.180698,-3032.017334
13.176629,-3098.532959
13.172560,-3016.680420
13.168490,-3253.643066
13.164421,-2863.465820
13.160352,-3154.135498
13.156282,-3019.232666
13.152212,-3297.126953
13.148144,-2718.894287
13.144073,-2883.185547
13.140004,-3081.472412
13.135935,-2939.091797
13.131866,-3194.819092
13.127796,-2942.894043
13.123727,-3034.626709
13.119658,-2639.180420
13.115588,-2993.144287
13.111519,-3018.937500
13.107450,-2894.930908
13.103380,-3133.530518
13.099311,-2668.340576
13.095242,-2971.131836
13.091172,-3400.586426
13.087103,-3278.873535
13.083034,-2969.387207
13.078964,-3115.279297
13.074895,-2897.014893
13.070826,-2938.971436
13.066755,-3111.916748
13.062686,-2863.474365
13.058617,-2996.301270
13.054547,-2807.436279
13.050478,-2757.196533
13.046409,-2875.311523
13.042339,-2631.808594
13.038270,-3166.406982
13.034201,-2968.738281
13.030131,-2948.701660
13.026062,-2941.271973
13.021993,-3261.438965
13.017923,-2949.740234
13.013854,-2791.866211
13.009785,-2546.608887
13.005715,-2940.517578
13.001646,-3231.077881
12.997577,-3136.637939
12.993507,-2785.269775
12.989437,-2864.855713
12.985369,-3092.104736
12.981298,-2757.164063
12.977229,-3073.001709
12.973160,-2842.756592
12.969090,-3320.001953
12.965021,-2889.196777
12.960952,-2960.240234
12.956882,-2854.146973
12.952813,-3075.432129
12.948744,-3501.984131
12.944674,-2813.071533
12.940605,-2704.704834
12.936536,-3099.402832
12.932467,-3126.518311
12.928397,-2760.101807
12.924328,-2622.153809
12.920259,-2804.348389
12.916189,-2992.245605
12.912120,-3312.276123
12.908051,-3356.790283
12.903980,-3091.886963
12.899911,-3210.166748
12.895842,-2589.493652
12.891772,-3094.284912
12.887703,-3260.853271
12.883634,-2963.200439
12.879564,-2866.062988
12.875495,-3112.302002
12.871426,-2715.270264
12.867356,-3144.985840
12.863287,-3102.694580
12.859218,-3008.313965
12.855148,-2663.093506
12.851079,-2836.755859
12.847010,-2957.831787
12.842940,-2965.677002
12.838871,-3336.199951
12.834802,-3017.446777
12.830732,-2959.145996
12.826662,-3472.426025
12.822594,-3153.222412
12.818523,-3267.617676
12.814454,-3326.524414
12.810385,-3264.351563
12.806315,-3131.739502
12.802246,-2848.825928
12.798177,-2944.549072
12.794107,-3196.034180
12.790038,-2773.319092
12.785969,-3065.471436
12.781899,-3287.344238
12.777830,-3211.371338
12.773761,-2899.142090
12.769691,-2895.906982
12.765622,-3256.781738
12.761553,-3019.448242
12.757483,-3168.706055
12.753414,-3099.165527
12.749345,-2798.293457
12.745275,-2739.182373
12.741205,-3009.748291
12.737136,-3058.145996
12.733067,-3411.566895
12.728997,-2864.290039
12.724928,-2951.269531
12.720859,-3121.967285
12.716789,-3210.660400
12.712720,-3079.279785
12.708651,-3106.650879
12.704581,-2941.939941
12.700512,-2973.384766
12.696443,-3200.711426
12.692373,-3084.547119
12.688304,-3250.906250
12.684235,-2822.808838
12.680165,-2937.792725
12.676096,-3414.327637
12.672027,-2826.303467
12.667957,-2681.222168
12.663887,-3086.139893
12.659819,-3044.267090
12.655748,-3063.302002
12.651679,-3041.885498
12.647610,-2893.998291
12.643540,-3172.085205
12.639471,-3001.785156
12.635402,-3108.780762
12.631332,-3141.438232
12.627263,-2713.609863
12.623194,-3013.642090
12.619124,-3062.903809
12.615055,-2997.293945
12.610986,-3106.752441
12.606916,-3191.541016
12.602847,-2929.269287
12.598778,-3150.763916
12.594708,-3501.344727
12.590639,-3095.464844
12.586570,-3235.794434
12.582500,-3039.938232
12.578430,-2911.178955
12.574362,-2994.319824
12.570292,-3152.445313
12.566222,-3320.098877
12.562153,-3075.637207
12.558084,-3191.477051
12.554014,-3275.404785
12.549945,-3116.762939
12.545876,-3463.562744
12.541806,-3137.690918
12.537737,-3198.012695
12.533668,-3112.481445
12.529598,-3400.531006
12.525529,-3402.245850
12.521460,-3293.925537
12.517390,-3079.226563
12.513321,-2971.717773
12.509252,-2872.176270
12.505182,-2639.037109
12.501112,-2978.135498
12.497044,-3464.438965
12.492973,-3093.276123
12.488905,-3118.503418
12.484835,-2941.895996
12.480765,-3000.621338
12.476696,-3181.884033
12.472627,-3339.636475
12.468557,-3114.842285
12.464488,-3212.148193
12.460419,-2696.240967
12.456349,-2841.988037
12.452280,-2883.289795
12.448211,-2796.658203
12.444141,-3392.734863
12.440072,-2994.282715
12.436003,-3195.189697
12.431933,-3383.520752
12.427864,-3142.472900
12.423794,-3063.420898
12.419725,-3416.899658
12.415655,-2974.523682
12.411587,-2970.702393
12.407516,-3077.087158
12.403447,-3272.431396
12.399378,-3061.430908
12.395308,-3151.216553
12.391239,-2896.786377
12.387170,-2870.743408
12.383101,-3412.836670
12.379031,-3169.595947
12.374962,-2769.529297
12.370893,-3093.015625
12.366823,-3249.274658
12.362754,-3143.752441
12.358685,-3337.728760
12.354615,-3145.122803
12.350546,-3254.512939
12.346477,-3026.114258
12.342407,-2964.275879
12.338337,-3016.063477
12.334269,-3443.598633
12.330198,-3292.601074
12.326130,-3090.363770
12.322060,-3097.910400
12.317990,-3601.403320
12.313921,-3164.484375
12.309852,-3181.536377
12.305782,-2599.568115
12.301713,-3275.448975
12.297644,-3308.061768
12.293574,-3229.667480
12.289505,-3085.095215
12.285436,-2889.319580
12.281366,-3179.031250
12.277297,-2799.852539
12.273228,-3716.209961
12.269158,-3231.095703
12.265089,-3192.508301
12.261019,-3001.636963
12.256950,-3115.864990
12.252880,-3275.272705
12.248812,-3310.817383
12.244741,-2643.405273
12.240672,-3351.215332
12.236603,-3253.200928
12.232533,-3167.475098
12.228464,-3007.590576
12.224395,-3073.414307
12.220325,-2906.552979
12.216256,-3386.761230
12.212187,-2874.731445
12.208117,-2998.935547
12.204048,-3155.577393
12.199979,-2998.237061
12.195910,-2887.557373
12.191840,-3549.772461
12.187771,-2966.033447
12.183702,-3266.726318
12.179632,-3375.961670
12.175562,-3122.247314
12.171494,-3269.508301
12.167423,-3105.795654
12.163355,-3343.848877
12.159285,-2836.822754
12.155215,-3282.062500
12.151146,-3034.133301
12.147077,-3103.036133
12.143007,-3265.446533
12.138938,-3029.807129
12.134869,-3204.642822
12.130799,-3278.676758
12.126730,-2948.601563
12.122661,-3040.205078
12.118591,-3389.221680
12.114522,-3196.002930
12.110453,-2845.556396
12.106383,-3452.509766
12.102314,-3149.450195
12.098244,-3413.843506
12.094175,-3141.206787
12.090105,-3337.951660
12.086037,-3031.187744
12.081966,-2875.614746
12.077897,-3065.272217
12.073828,-3187.229736
12.069758,-3048.048340
12.065689,-3202.615479
12.061620,-2941.814697
12.057550,-3533.452148
12.053481,-2858.379883
12.049412,-3021.450195
12.045342,-3217.242920
12.041273,-3029.038086
12.037204,-3238.236816
12.033134,-3518.740234
12.029065,-3051.883057
12.024996,-3074.341553
12.020926,-3159.886230
12.016857,-3071.732422
12.012787,-3048.014893
12.008718,-3152.824219
12.004648,-3081.603271
12.000580,-3202.187256
11.996510,-3198.079102
11.992440,-3228.608887
11.988371,-3184.991699
11.984302,-3392.702637
11.980232,-3293.392090
11.976163,-3145.729248
11.972094,-3047.093994
11.968024,-2937.374756
11.963955,-3180.142578
11.959886,-3114.841064
11.955816,-3153.317383
11.951747,-2940.000488
11.947678,-3247.209473
11.943608,-3291.572998
11.939539,-3011.153564
11.935469,-2974.967773
11.931400,-2976.416016
11.927330,-3262.986572
11.923262,-2889.323730
11.919191,-3166.108398
11.915122,-3232.040771
11.911053,-3104.915283
11.906983,-2927.660645
11.902914,-2975.806885
11.898845,-3055.384521
11.894775,-3168.821777
11.890706,-3278.269043
11.886637,-2937.522705
11.882567,-3106.111084
11.878498,-3343.808594
11.874429,-3098.266602
11.870359,-3240.566650
11.866290,-3252.056885
11.862221,-2857.673340
11.858151,-3402.229980
11.854082,-2766.553711
11.850012,-3017.992920
11.845943,-3261.914551
11.841873,-3146.035645
11.837805,-3430.306641
11.833735,-3176.873291
11.829665,-3270.150879
11.825596,-2845.699707
11.821527,-2999.395508
11.817457,-3446.319336
11.813388,-2980.591064
11.809319,-3111.421875
11.805249,-3062.555908
11.801180,-3233.817139
11.797111,-3239.415283
11.793041,-3369.979492
11.788972,-3174.080811
11.784903,-3101.711182
11.780833,-3179.551514
11.776764,-3033.830322
11.772695,-3052.956299
11.768625,-3319.925293
11.764555,-3024.269775
11.760487,-3427.993652
11.756416,-3000.387451
11.752348,-3100.068848
11.748278,-3441.663818
11.744208,-2937.398438
11.740139,-3390.067627
11.736070,-3172.471924
11.732000,-3404.442871
11.727931,-3304.400635
11.723862,-3220.254639
11.719792,-2982.124756
11.715723,-2994.607422
11.711654,-2874.258301
11.707584,-2980.707031
11.703515,-3343.756592
11.699446,-3484.925781
11.695376,-3187.311279
11.691307,-3133.540039
11.687237,-3352.190430
11.683168,-2884.566650
11.679098,-3258.572510
11.675030,-3339.587158
11.670959,-2899.690674
11.666890,-3218.284180
11.662821,-3293.601807
11.658751,-3490.167725
11.654682,-3297.593506
11.650613,-3446.995850
11.646544,-3217.623535
11.642474,-3490.573486
11.638405,-2981.086914
11.634336,-3143.725098
11.630266,-3158.778320
11.626197,-3055.868164
11.622128,-3616.047607
11.618058,-3385.800293
11.613989,-3170.854248
11.609920,-3306.254883
11.605850,-3101.544922
11.601780,-3711.586182
11.597712,-2962.708496
11.593641,-3107.372070
11.589573,-3314.627686
11.585503,-3375.405518
11.581433,-3303.621582
11.577364,-3037.157471
11.573295,-3499.433350
11.569225,-2938.133789
11.565156,-3341.519043
11.561087,-3168.361816
11.557017,-3177.313477
11.552948,-3165.325195
11.548879,-3753.731689
11.544809,-3299.895264
11.540740,-3120.279053
11.536671,-3104.956543
11.532601,-2824.186768
11.528532,-3177.758545
11.524462,-3337.358398
11.520393,-3301.945801
11.516323,-3001.511230
11.512255,-3388.008545
11.508184,-3086.850830
11.504115,-3212.401855
11.500046,-3494.004150
11.495976,-3278.091553
11.491907,-3639.608154
11.487838,-3410.353516
11.483768,-3240.170654
11.479699,-3106.081543
11.475630,-3005.962646
11.471560,-3422.428711
11.467491,-3181.483398
11.463422,-3282.889160
11.459352,-3344.008545
11.455283,-3294.689209
11.451214,-3377.234863
11.447145,-3267.323242
11.443075,-3363.522949
11.439005,-3217.452393
11.434937,-3302.819824
11.430866,-3794.866699
11.426798,-3250.147949
11.422728,-3196.573975
11.418658,-3272.780762
11.414589,-3066.009521
11.410520,-2805.428467
11.406450,-3429.345215
11.402381,-3103.950195
11.398312,-3132.457031
11.394242,-3020.264648
11.390173,-2943.462158
11.386104,-2992.720459
11.382034,-3238.136475
11.377965,-3417.959473
11.373896,-3022.145752
11.369826,-3118.995117
11.365757,-3236.663086
11.361687,-3402.919678
11.357618,-3097.324951
11.353548,-3363.914307
11.349480,-2795.911865
11.345409,-3318.687256
11.341340,-3230.794189
11.337271,-3273.815674
11.333201,-3269.077148
11.329132,-3167.602295
11.325063,-3439.520264
11.320993,-3460.593506
11.316924,-3077.753662
11.312855,-3513.227539
11.308785,-3099.515137
11.304716,-3107.009277
11.300647,-2832.459473
11.296577,-3211.652588
11.292508,-3617.932129
11.288439,-3156.230225
11.284369,-3273.937256
11.280300,-3357.775146
11.276230,-3186.872070
11.272161,-3421.302002
11.268091,-3466.796387
11.264023,-3423.288330
11.259953,-3214.447510
11.255883,-3150.316162
11.251814,-3612.833008
11.247745,-2944.109131
11.243675,-3251.843506
11.239606,-3512.236572
11.235537,-3114.959473
11.231467,-2864.431152
11.227398,-2916.552734
11.223329,-2847.808105
11.219259,-3332.263184
11.215190,-2687.598389
11.211121,-3494.820801
11.207051,-3263.750244
11.202982,-3131.480957
11.198912,-3223.472656
11.194843,-3274.000732
11.190773,-3432.496094
11.186705,-3415.297852
11.182634,-3074.803711
11.178565,-3623.792725
11.174496,-3017.354736
11.170426,-3357.420654
11.166357,-2989.694580
11.162288,-3401.674561
11.158218,-3412.698730
11.154149,-2919.142822
11.150080,-2949.719482
11.146010,-2943.510010
11.141941,-2976.521484
11.137872,-3077.153076
11.133802,-3224.255371
11.129733,-3236.402344
11.125664,-3126.660889
11.121594,-3537.491699
11.117525,-3305.217041
11.113455,-3574.537598
11.109386,-3139.633057
11.105316,-3281.580811
11.101248,-3088.038086
11.097178,-3287.733643
11.093108,-3344.261230
11.089039,-3233.733643
11.084970,-3300.658691
11.080900,-3298.124023
11.076831,-3459.863281
11.072762,-3461.301758
11.068692,-3075.589355
11.064623,-3113.504150
11.060554,-3416.749268
11.056484,-3428.771484
11.052415,-3193.024414
11.048346,-3132.181641
11.044276,-2995.104248
11.040207,-3326.603516
11.036137,-3540.928223
11.032068,-3137.908447
11.027998,-3409.483887
11.023930,-3515.971191
11.019859,-3025.098633
11.015790,-3743.548828
11.011721,-3570.882813
11.007651,-3038.849121
11.003582,-3638.626953
10.999513,-3473.101807
10.995443,-3295.029541
10.991374,-3075.293701
10.987305,-3222.838867
10.983235,-3118.759521
10.979166,-3325.839844
10.975097,-3342.504150
10.971027,-3126.346191
10.966958,-3250.406006
10.962889,-3171.290039
10.958819,-3272.676270
10.954750,-2798.208008
10.950680,-3187.671875
10.946611,-3183.400879
10.942541,-3123.837158
10.938473,-3035.984131
10.934402,-3388.714600
10.930333,-3268.616455
10.926264,-3451.994385
10.922194,-3224.106689
10.918125,-3294.713379
10.914056,-3031.498291
10.909986,-3163.750732
10.905917,-3065.573975
10.901848,-3239.970215
10.897779,-3265.632813
10.893709,-3520.531006
10.889640,-3352.370117
10.885571,-3213.763916
10.881501,-3786.817383
10.877432,-3135.782471
10.873362,-3014.080566
10.869293,-3303.337646
10.865223,-3551.927979
10.861155,-3407.114746
10.857084,-3334.171387
10.853016,-3214.716553
10.848946,-3630.249512
10.844876,-3206.023926
10.840807,-3586.343262
10.836738,-3239.399414
10.832668,-2995.151855
10.828599,-3654.752197
10.824530,-3375.975830
10.820460,-3434.764648
10.816391,-3287.404785
10.812322,-3192.382080
10.808252,-3333.476074
10.804183,-3084.020508
10.800114,-3325.073730
10.796044,-3033.217773
10.791975,-3006.929443
10.787905,-2768.379150
10.783836,-3577.802490
10.779766,-3170.208008
10.775698,-3357.682861
10.771627,-3344.983887
10.767558,-3330.627930
10.763489,-3556.302490
10.759419,-3308.909668
10.755350,-3484.287598
10.751281,-3256.573486
10.747211,-3238.092773
10.743142,-2921.633789
10.739073,-3459.103516
10.735003,-2825.479980
10.730934,-3338.252441
10.726865,-3188.271729
10.722795,-3177.438477
10.718726,-3569.987305
10.714657,-3551.725586
10.710588,-3255.825684
10.706518,-3220.693359
10.702448,-3577.868164
10.698380,-2968.231689
10.694309,-3020.248779
10.690241,-3120.117676
10.686171,-3383.696045
10.682101,-3255.393555
10.678032,-3016.373047
10.673963,-2733.177246
10.669893,-3230.434082
10.665824,-3430.831543
10.661755,-3299.748535
10.657685,-3606.519287
10.653616,-3580.919922
10.649547,-3651.627197
10.645477,-3067.023682
10.641408,-3096.222412
10.637339,-3408.860840
10.633269,-3437.609375
10.629200,-3240.884521
10.625130,-2958.950928
10.621061,-3026.325195
10.616991,-3114.213135
10.612923,-3314.702637
10.608852,-3270.992188
10.604783,-3519.533203
10.600714,-3427.141357
10.596644,-3385.774170
10.592575,-3631.413818
10.588506,-3392.345215
10.584436,-3087.641602
10.580367,-3364.908936
10.576298,-3109.790039
10.572228,-3092.133789
10.568159,-3634.459473
10.564090,-3702.927734
10.560020,-2900.204590
10.555951,-3368.670654
10.551882,-3564.697754
10.547812,-3295.600342
10.543743,-3359.033936
10.539673,-2980.719482
10.535604,-3056.183350
10.531534,-2994.020508
10.527466,-3292.718994
10.523396,-3295.160400
10.519326,-3096.223877
10.515257,-3484.342773
10.511188,-3154.550537
10.507118,-3476.506104
10.503049,-3571.469971
10.498980,-3110.519531
10.494910,-2894.269531
10.490841,-3027.950928
10.486772,-2995.982422
10.482702,-2972.422363
10.478633,-3534.555176
10.474564,-3325.276123
10.470493,-3034.333984
10.466425,-3284.690918
10.462355,-3130.795410
10.458286,-3370.210938
10.454216,-3295.556641
10.450148,-3539.315674
10.446077,-3528.866211
10.442009,-2822.308350
10.437939,-3325.016846
10.433869,-3578.439697
10.429800,-3437.303223
10.425731,-3564.873779
10.421661,-3376.766846
10.417592,-3304.756836
10.413523,-3322.777832
10.409453,-3029.516846
10.405384,-3235.515869
10.401315,-3194.922119
10.397245,-3209.288574
10.393175,-3293.554443
10.389107,-3405.089355
10.385036,-3102.213867
10.380968,-3133.907959
10.376898,-3393.471924
10.372829,-3517.837891
10.368759,-3348.449951
10.364691,-2885.309326
10.360620,-3545.298584
10.356552,-2916.066650
10.352482,-3433.766846
10.348413,-3148.742920
10.344343,-3267.282227
10.340274,-3135.976318
10.336205,-3346.834717
10.332135,-3503.275879
10.328066,-3370.898682
10.323997,-3133.079346
10.319927,-3472.507568
10.315858,-3202.688721
10.311789,-3392.079590
10.307718,-3353.168945
10.303650,-3458.851074
10.299580,-3222.019043
10.295511,-3062.901123
10.291441,-3449.520752
10.287373,-3837.346191
10.283302,-4998.259766
10.279234,-4434.528809
10.275164,-3600.185059
10.271095,-3748.144287
10.267025,-3657.340820
10.262956,-3304.859619
10.258886,-3282.481689
10.254817,-3311.297607
10.250748,-3393.115723
10.246678,-3390.353027
10.242609,-3165.925293
10.238540,-3427.924561
10.234470,-3522.847900
10.230401,-3256.507568
10.226332,-3368.754395
10.222261,-3509.229248
10.218193,-3202.318604
10.214123,-3003.699707
10.210054,-3305.762207
10.205984,-3528.673340
10.201916,-3637.191406
10.197845,-2933.406006
10.193777,-3424.158936
10.189707,-3592.659180
10.185637,-3310.664063
10.181568,-3650.056641
10.177499,-3441.575684
10.173429,-3534.807861
10.169360,-3419.781982
10.165291,-3123.276367
10.161222,-3688.672363
10.157152,-3450.915039
10.153083,-3653.393066
10.149014,-3664.719238
10.144943,-3665.128662
10.140875,-3462.578369
10.136805,-3579.454346
10.132736,-3879.568604
10.128666,-3492.957764
10.124598,-3180.216797
10.120527,-3196.006348
10.116459,-3316.060059
10.112389,-3105.350342
10.108320,-3205.176514
10.104250,-3534.369385
10.100181,-3037.529297
10.096111,-3297.236572
10.092042,-3620.320801
10.087973,-3446.189209
10.083903,-3417.969971
10.079834,-3220.406006
10.075765,-3466.531494
10.071695,-3118.266602
10.067626,-2971.993896
10.063557,-3169.358398
10.059486,-3509.895996
10.055418,-3373.162598
10.051348,-3249.768799
10.047279,-3256.165039
10.043209,-3452.988281
10.039141,-3168.200195
10.035070,-3849.266602
10.031002,-3244.959473
10.026932,-3130.777344
10.022862,-3353.587646
10.018793,-3915.396484
10.014724,-3285.528320
10.010654,-3415.714844
10.006585,-2797.028320
10.002516,-3566.260254
9.998446,-3670.297119
9.994377,-3105.945801
9.990308,-3512.412842
9.986238,-3407.623779
9.982168,-3114.675537
9.978100,-3079.761963
9.974030,-3236.912354
9.969961,-3293.432129
9.965891,-3210.610596
9.961823,-3491.651855
9.957752,-3448.901367
9.953684,-3307.534424
9.949614,-3705.180420
9.945545,-3013.978271
9.941475,-3159.963135
9.937406,-3093.339844
9.933336,-3112.269531
9.929267,-3187.326172
9.925198,-3431.146973
9.921128,-3747.149902
9.917059,-3343.075195
9.912990,-3597.448242
9.908920,-3534.085449
9.904851,-2965.278076
9.900782,-3442.438965
9.896711,-3569.976318
9.892643,-3590.738525
9.888573,-3620.922852
9.884504,-3011.654541
9.880434,-3580.401367
9.876366,-3546.537842
9.872295,-3415.467529
9.868227,-3276.251221
9.864157,-3374.342041
9.860087,-3430.780762
9.856018,-3229.537109
9.851949,-3428.635986
9.847879,-3543.479492
9.843810,-3073.239502
9.839741,-3256.667480
9.835671,-3428.207275
9.831602,-3383.521240
9.827533,-3369.339355
9.823463,-3143.820557
9.819393,-3031.246094
9.815325,-3201.181641
9.811255,-3103.611084
9.807186,-2893.565674
9.803116,-3624.831299
9.799047,-3229.947754
9.794977,-3539.399414
9.790909,-3449.099609
9.786839,-3261.670654
9.782770,-3354.260986
9.778700,-3320.531982
9.774631,-3173.979492
9.770561,-3362.213623
9.766492,-3454.614258
9.762423,-3502.721924
9.758353,-3850.872559
9.754284,-3406.986084
9.750215,-3528.725342
9.746145,-3151.392334
9.742076,-3433.917725
9.738007,-3237.660889
9.733936,-3327.174316
9.729868,-3602.518066
9.725798,-3568.988281
9.721729,-3359.220947
9.717659,-3099.018311
9.713591,-3140.503662
9.709520,-2906.784424
9.705452,-3042.779541
9.701382,-3369.898193
9.697312,-3234.051514
9.693243,-3113.052490
9.689174,-3226.016602
9.685104,-3275.654297
9.681035,-3014.596191
9.676966,-3363.564697
9.672896,-3197.576904
9.668827,-3305.256104
9.664758,-3818.957764
9.660688,-3149.756592
9.656618,-3186.770264
9.652550,-3520.673340
9.648479,-2943.999756
9.644411,-3463.054932
9.640341,-3662.837891
9.636272,-3274.588379
9.632202,-3377.912109
9.628134,-3417.438477
9.624063,-3367.813232
9.619995,-3305.043945
9.615925,-3272.229736
9.611856,-3475.795166
9.607786,-3229.225342
9.603717,-3346.810059
9.599648,-3469.570313
9.595578,-3486.891357
9.591509,-3126.562988
9.587440,-3586.728271
9.583370,-3504.490234
9.579301,-2938.898438
9.575232,-2907.857178
9.571161,-3792.020996
9.567093,-3529.901855
9.563023,-3640.248535
9.558954,-2761.890137
9.554884,-3130.055908
9.550816,-3111.483154
9.546745,-3460.633057
9.542677,-3327.907959
9.538607,-3545.260498
9.534537,-3391.015869
9.530468,-3620.590576
9.526399,-3027.903809
9.522329,-3331.847168
9.518260,-3070.128906
9.514191,-3408.066406
9.510121,-3729.236328
9.506052,-3042.044434
9.501983,-3247.119385
9.497913,-3699.283447
9.493843,-3328.986816
9.489775,-3346.613525
9.485704,-3577.292480
9.481636,-3315.508057
9.477566,-3475.660645
9.473497,-3617.387939
9.469427,-3225.307861
9.465359,-2876.943604
9.461288,-3241.873291
9.457220,-3473.045654
9.453150,-3165.110352
9.449080,-3477.167236
9.445011,-3581.298340
9.440942,-3821.449707
9.436872,-3256.641846
9.432803,-3324.186768
9.428734,-3398.286621
9.424664,-3237.727295
9.420595,-3726.214600
9.416526,-3769.749756
9.412457,-3232.870605
9.408386,-3139.603760
9.404318,-3537.605225
9.400248,-3355.745850
9.396179,-3704.059570
9.392109,-3522.464111
9.388041,-3428.846436
9.383970,-3181.958984
9.379902,-3567.395508
9.375832,-3501.842285
9.371762,-3296.450439
9.367693,-3383.292725
9.363624,-3343.830322
9.359554,-2949.942383
9.355485,-3328.128174
9.351416,-3019.909912
9.347346,-3248.117188
9.343277,-3092.319336
9.339208,-3503.993652
9.335138,-3048.980469
9.331068,-3244.562012
9.327000,-3770.276367
9.322929,-3597.724609
9.318861,-3340.263672
9.314791,-3282.132813
9.310722,-3619.574951
9.306652,-3247.427734
9.302584,-3657.461426
9.298513,-3583.090576
9.294445,-2932.639160
9.290375,-3456.226074
9.286305,-3333.505127
9.282236,-2880.406982
9.278167,-3420.251709
9.274097,-3453.162598
9.270028,-3062.048828
9.265959,-3278.076904
9.261889,-3374.772705
9.257820,-3404.482666
9.253751,-3397.553955
9.249681,-3898.855469
9.245611,-3125.589111
9.241543,-3318.858887
9.237473,-3352.215576
9.233404,-3294.392334
9.229334,-3017.424072
9.225266,-3442.047852
9.221195,-3210.976318
9.217127,-3358.631836
9.213057,-3155.781738
9.208988,-3287.266113
9.204918,-3297.490723
9.200849,-3351.377686
9.196779,-3380.248535
9.192710,-3359.764404
9.188641,-3652.970947
9.184571,-3392.303955
9.180502,-3363.025391
9.176433,-3213.179443
9.172363,-3198.621338
9.168294,-3335.388428
9.164225,-3294.759033
9.160154,-3643.229492
9.156086,-3191.764160
9.152016,-3364.233398
9.147947,-3324.888672
9.143877,-3645.030762
9.139809,-3592.958496
9.135738,-2914.971191
9.131670,-3105.032471
9.127600,-3600.310547
9.123530,-3186.010742
9.119461,-2993.981445
9.115392,-3308.996094
9.111322,-3664.126465
9.107253,-3130.806641
9.103184,-3301.051270
9.099114,-3338.174805
9.095045,-3096.958008
9.090976,-3264.566162
9.086906,-3326.422119
9.082836,-3651.430176
9.078768,-3108.120850
9.074697,-3689.415527
9.070629,-3652.568604
9.066559,-2908.767334
9.062490,-3385.784668
9.058420,-3471.298584
9.054352,-3014.827393
9.050282,-3559.187256
9.046213,-3188.294189
9.042143,-3686.465332
9.038074,-3288.889404
9.034004,-3356.599121
9.029935,-3624.634766
9.025866,-3213.520752
9.021796,-3340.483154
9.017727,-2896.507813
9.013658,-3118.455811
9.009588,-2902.754395
9.005519,-3495.839844
9.001450,-3171.959961
8.997379,-3244.555176
8.993311,-3607.029541
8.989241,-3605.242920
8.985172,-3639.251953
8.981102,-3836.120117
8.977034,-3293.518311
8.972963,-3487.867188
8.968895,-3625.093506
8.964825,-3231.789307
8.960755,-3402.340576
8.956686,-3430.362061
8.952617,-3520.223389
8.948547,-3464.658203
8.944478,-3311.314697
8.940409,-3513.717773
8.936339,-3317.575195
8.932270,-3194.481689
8.928201,-3310.483887
8.924131,-3585.674072
8.920061,-3271.724365
8.915993,-3151.228760
8.911922,-3311.358643
8.907854,-3243.723145
8.903784,-3427.260742
8.899715,-3194.893311
8.895645,-3061.318604
8.891577,-3168.433350
8.887506,-3456.231445
8.883438,-3541.642578
8.879368,-2884.015381
8.875299,-3439.038086
8.871229,-3650.526611
8.867160,-3898.292725
8.863091,-3212.194336
8.859021,-3395.298584
8.854952,-3673.991943
8.850883,-3571.475586
8.846813,-3491.688965
8.842744,-3373.696045
8.838675,-3534.268311
8.834604,-3380.776123
8.830536,-3591.994141
8.826466,-3651.825195
8.822397,-3521.340088
8.818327,-3111.948242
8.814259,-3354.156494
8.810188,-3267.795654
8.806120,-3355.529297
8.802050,-3416.743164
8.797980,-3639.103516
8.793911,-3468.681641
8.789842,-3605.405273
8.785772,-3201.135742
8.781703,-3624.413330
8.777634,-3446.152588
8.773564,-3481.670654
8.769495,-3474.625977
8.765426,-3502.747803
8.761356,-3059.147217
8.757286,-3190.884277
8.753218,-3084.478516
8.749147,-3350.167480
8.745079,-3216.100586
8.741009,-3072.098633
8.736940,-3310.078369
8.732870,-3068.717773
8.728802,-3465.589600
8.724731,-3781.482178
8.720663,-3637.791016
8.716593,-3681.901123
8.712523,-3275.955078
8.708454,-2978.031738
8.704385,-3550.527832
8.700315,-3350.397949
8.696246,-3042.116943
8.692177,-3017.650146
8.688107,-3258.472168
8.684038,-3536.725830
8.679969,-3477.500000
8.675900,-3416.572754
8.671829,-3302.018555
8.667761,-3537.926270
8.663691,-3060.718506
8.659622,-2980.346436
8.655552,-3326.468750
8.651484,-2981.191406
8.647413,-3192.061523
8.643345,-2853.864014
8.639275,-3537.924805
8.635205,-3221.107422
8.631136,-3442.138672
8.627067,-3328.547363
8.622997,-3132.776855
8.618928,-3255.485107
8.614859,-3047.612061
8.610789,-3551.360352
8.606720,-2765.730225
8.602651,-3809.345459
8.598581,-3379.378174
8.594511,-3583.744385
8.590443,-3476.337158
8.586372,-3375.504395
8.582304,-3505.932861
8.578234,-3302.399170
8.574165,-3308.016113
8.570095,-3068.263672
8.566027,-3350.806641
8.561956,-3305.000977
8.557888,-3192.744629
8.553818,-3639.514160
8.549748,-3625.226074
8.545679,-2895.051025
8.541610,-4061.003662
8.537540,-3554.717529
8.533471,-3687.691895
8.529402,-3284.719971
8.525332,-3504.031738
8.521263,-3525.281738
8.517194,-3386.414551
8.513124,-3439.403076
8.509054,-3059.957031
8.504986,-3325.977051
8.500916,-3278.042480
8.496847,-3464.771240
8.492777,-3361.007324
8.488708,-3259.369629
8.484638,-3473.756104
8.480570,-3126.370850
8.476500,-3181.548584
8.472430,-3597.209717
8.468361,-2962.585205
8.464292,-3068.266602
8.460222,-3477.882568
8.456153,-3285.149658
8.452084,-3762.677734
8.448014,-3090.947754
8.443945,-3443.698242
8.439876,-3592.918213
8.435806,-3259.408936
8.431736,-3055.864014
8.427668,-3282.504150
8.423597,-3166.695313
8.419529,-3473.479492
8.415459,-3680.531250
8.411390,-3562.786377
8.407320,-3054.516846
8.403252,-3143.606445
8.399181,-3060.035156
8.395113,-3660.605957
8.391043,-3498.032959
8.386973,-3386.991455
8.382904,-3084.190186
8.378835,-3360.989014
8.374765,-3562.739746
8.370696,-3444.335693
8.366627,-3538.682373
8.362557,-3143.787354
8.358488,-3356.594727
8.354419,-3238.200195
8.350349,-3399.463135
8.346279,-3786.630615
8.342211,-3564.843262
8.338140,-3566.466309
8.334072,-3621.406006
8.330002,-3273.937988
8.325933,-3261.235352
8.321863,-3924.291016
8.317795,-3125.827881
8.313725,-3270.978516
8.309655,-3570.708984
8.305586,-3522.712646
8.301517,-3378.147949
8.297447,-3241.188232
8.293378,-3552.493408
8.289309,-3363.481934
8.285239,-3511.935059
8.281170,-3265.996338
8.277101,-3480.700684
8.273031,-3585.309570
8.268961,-2918.519287
8.264893,-3366.296631
8.260822,-3264.432129
8.256754,-3180.187256
8.252684,-3361.741455
8.248615,-3516.385742
8.244545,-3324.270020
8.240477,-3675.960449
8.236406,-3382.382813
8.232338,-3558.103516
8.228268,-3541.834473
8.224198,-3150.556152
8.220129,-3349.014648
8.216060,-3364.378418
8.211990,-3482.363037
8.207921,-3787.433838
8.203852,-3498.517334
8.199782,-3253.747803
8.195713,-3019.346680
8.191644,-3627.596436
8.187574,-3385.914307
8.183504,-3440.629883
8.179436,-3769.511963
8.175365,-3283.902588
8.171297,-3338.898193
8.167227,-3224.286133
8.163158,-3157.702148
8.159088,-3399.916260
8.155020,-3048.799561
8.150949,-3459.787842
8.146881,-3158.525146
8.142811,-3530.849121
8.138741,-3367.589355
8.134672,-3075.761475
8.130603,-3781.711426
8.126534,-3239.894775
8.122464,-3646.356934
8.118395,-3324.353027
8.114326,-3301.288574
8.110256,-3408.406250
8.106187,-3560.672852
8.102118,-3354.219727
8.098047,-3153.420898
8.093979,-3562.880127
8.089909,-3490.360107
8.085840,-3309.740967
8.081770,-3387.652344
8.077702,-2986.406494
8.073631,-3274.592529
8.069563,-3419.223145
8.065493,-3675.316650
8.061423,-3340.864746
8.057354,-3575.358887
8.053285,-3470.337891
8.049215,-3266.851563
8.045146,-3361.875244
8.041077,-3091.832764
8.037007,-3753.346680
8.032938,-3585.437256
8.028869,-3336.008789
8.024799,-3499.335449
8.020729,-3255.357178
8.016661,-3356.484619
8.012590,-3363.197510
8.008522,-3610.994385
8.004452,-3345.841797
8.000383,-3579.697754
7.996314,-3002.804688
7.992244,-3385.018066
7.988175,-3206.219238
7.984106,-3702.881348
7.980036,-3443.226807
7.975966,-3712.105469
7.971897,-3394.181152
7.967828,-3684.274658
7.963758,-3376.075439
7.959689,-3627.329590
7.955620,-3291.980713
7.951550,-3307.957520
7.947481,-3413.318115
7.943412,-3492.705322
7.939342,-3472.891113
7.935273,-3541.936035
7.931203,-3170.527100
7.927134,-3417.563721
7.923065,-3380.226807
7.918995,-3198.096924
7.914926,-3331.173096
7.910857,-3326.442139
7.906787,-3309.214600
7.902718,-3469.858887
7.898648,-3252.442871
7.894579,-3319.973877
7.890510,-3269.601563
7.886440,-3319.908691
7.882371,-3288.127441
7.878302,-3253.464600
7.874232,-3625.925537
7.870163,-3554.190918
7.866094,-3411.770508
7.862024,-3548.161621
7.857955,-3438.381836
7.853885,-3278.040527
7.849816,-3343.385254
7.845747,-3448.252930
7.841677,-3411.820313
7.837608,-3039.588135
7.833539,-3308.185303
7.829469,-3471.610107
7.825400,-3515.665039
7.821331,-3333.985352
7.817261,-3794.784668
7.813191,-3421.358398
7.809122,-3068.027344
7.805053,-3647.945313
7.800983,-3123.221680
7.796914,-3362.251709
7.792845,-3463.674316
7.788775,-3262.134766
7.784706,-3811.071045
7.780637,-3001.169189
7.776567,-3520.993652
7.772498,-3441.278809
7.768428,-3147.035156
7.764359,-3629.460693
7.760290,-3501.125732
7.756220,-3250.030273
7.752151,-3324.338623
7.748082,-3310.058594
7.744012,-3526.474609
7.739943,-3299.371338
7.735873,-3426.795410
7.731804,-3480.939941
7.727735,-3382.863281
7.723665,-2933.585205
7.719596,-3207.458252
7.715527,-3445.361572
7.711457,-3267.422607
7.707388,-3845.515869
7.703319,-3455.745361
7.699249,-3556.064697
7.695179,-3190.393311
7.691110,-3544.758789
7.687041,-3073.592285
7.682971,-2595.124756
7.678902,-3404.885010
7.674833,-3295.866211
7.670763,-3624.820557
7.666694,-3189.215088
7.662625,-3312.254639
7.658556,-3429.697998
7.654486,-3186.250977
7.650416,-3684.960449
7.646347,-3400.927734
7.642278,-3424.823730
7.638208,-3402.441895
7.634139,-3474.304688
7.630070,-3316.562256
7.626000,-3328.532227
7.621931,-3407.524902
7.617862,-3206.185303
7.613792,-3341.981934
7.609723,-3493.014893
7.605653,-3233.272705
7.601584,-3445.213379
7.597515,-3421.799072
7.593445,-3468.833252
7.589376,-3428.781494
7.585307,-3351.638916
7.581237,-3188.375977
7.577168,-3401.980469
7.573098,-3082.975586
7.569029,-3351.800049
7.564960,-3324.121094
7.560890,-2992.293701
7.556821,-3573.348389
7.552752,-3463.381348
7.548682,-3096.030518
7.544613,-3256.428223
7.540544,-3505.171875
7.536474,-3442.537109
7.532404,-3744.875732
7.528335,-3146.937012
7.524266,-3403.950928
7.520196,-3415.396973
7.516127,-3097.530029
7.512058,-3608.513916
7.507988,-3488.478271
7.503919,-3311.071045
7.499850,-3439.808350
7.495780,-3316.864746
7.491711,-3302.710205
7.487641,-3039.927490
7.483572,-3062.038330
7.479503,-3281.286621
7.475433,-3290.906250
7.471364,-3100.190674
7.467295,-3039.875000
7.463225,-3821.158203
7.459156,-3551.957031
7.455087,-3325.799316
7.451017,-3526.578857
7.446948,-3451.926025
7.442878,-3167.025879
7.438809,-3717.890625
7.434740,-3174.999512
7.430670,-3224.747559
7.426601,-3712.233398
7.422532,-3357.826904
7.418462,-3166.177734
7.414393,-3094.121826
7.410323,-3328.700195
7.406254,-3251.232666
7.402184,-3336.712402
7.398115,-3682.179443
7.394046,-3395.911621
7.389977,-3302.791992
7.385907,-3620.123047
7.381838,-3356.526367
7.377769,-3488.557373
7.373699,-3549.169922
7.369629,-3774.529297
7.365560,-2943.791260
7.361491,-2883.812256
7.357421,-2750.718262
7.353352,-2521.133789
7.349283,-2090.127441
7.345213,-963.151550
7.341144,2207.315186
7.337075,2521.499512
7.333005,482.950470
7.328936,-1873.547852
7.324866,-2304.315674
7.320797,-2845.859375
7.316728,-2770.915527
7.312658,-3041.462646
7.308589,-3104.860840
7.304520,-3245.994385
7.300450,-3025.880371
7.296381,-3039.161377
7.292312,-2968.982178
7.288242,-2952.348145
7.284173,-2691.794922
7.280103,-3245.460449
7.276034,-3481.882324
7.271965,-3620.506104
7.267895,-3577.144287
7.263826,-3092.963379
7.259757,-3598.221924
7.255687,-3088.493164
7.251618,-3325.850342
7.247548,-3156.760742
7.243479,-2945.483398
7.239409,-3569.263428
7.235340,-3377.882080
7.231271,-3640.174072
7.227201,-3596.008789
7.223132,-3452.995117
7.219063,-3196.989990
7.214993,-3176.402100
7.210924,-3333.131592
7.206855,-3511.807129
7.202785,-3479.307129
7.198716,-3239.906250
7.194646,-3035.369873
7.190577,-3630.593750
7.186508,-3323.965576
7.182438,-3215.536621
7.178369,-3585.103516
7.174300,-3536.052002
7.170230,-3161.270508
7.166161,-3546.397461
7.162091,-3475.479980
7.158022,-3180.842529
7.153953,-3082.681885
7.149883,-3371.899414
7.145814,-3439.247803
7.141745,-3108.384277
7.137675,-3424.605957
7.133606,-3723.878662
7.129537,-3446.555664
7.125467,-3415.042725
7.121397,-2991.756592
7.117328,-3250.772217
7.113259,-3497.338379
7.109190,-3455.025879
7.105120,-3222.356689
7.101051,-3623.177979
7.096982,-3295.179199
7.092912,-3405.590332
7.088843,-3398.376953
7.084774,-3527.748779
7.080704,-3365.432861
7.076634,-3546.500000
7.072565,-3639.304199
7.068496,-3686.129395
7.064426,-3583.217773
7.060357,-3327.749023
7.056288,-3625.984619
7.052218,-3489.731934
7.048149,-3393.037598
7.044080,-3315.855469
7.040010,-3556.445557
7.035941,-3150.621826
7.031871,-3059.077637
7.027802,-3044.313232
7.023733,-3138.508301
7.019663,-3399.400635
7.015594,-2716.846924
7.011525,-3288.369141
7.007455,-3632.302979
7.003386,-3384.913574
6.999316,-3306.510498
6.995247,-3424.807861
6.991178,-3567.650146
6.987108,-3148.047852
6.983039,-3113.656982
6.978970,-3479.308105
6.974900,-3391.060059
6.970831,-3663.097900
6.966762,-3480.002686
6.962692,-3090.914795
6.958622,-2417.535400
6.954553,-3197.802979
6.950484,-3353.788818
6.946414,-3170.553711
6.942345,-3325.972412
6.938276,-3299.726563
6.934206,-3387.247559
6.930137,-3282.047119
6.926068,-3467.290283
6.921999,-3210.104980
6.917929,-3356.958740
6.913859,-3506.522217
6.909790,-3080.476563
6.905721,-2940.704834
6.901651,-3001.606201
6.897582,-2901.009766
6.893513,-2478.389404
6.889443,-1858.565430
6.885374,-1537.341309
6.881305,-1338.711792
6.877235,-2509.275391
6.873166,-2614.558594
6.869096,-2597.263184
6.865027,-3415.946289
6.860958,-3119.906494
6.856888,-3143.180664
6.852819,-3144.917480
6.848750,-3162.825195
6.844680,-3573.042236
6.840611,-2982.542969
6.836541,-3439.982422
6.832472,-3455.385742
6.828403,-3607.350342
6.824333,-3261.587402
6.820264,-3317.883057
6.816195,-3406.414307
6.812125,-3031.114990
6.808056,-3408.905762
6.803987,-3448.817871
6.799917,-3940.487793
6.795847,-3101.331787
6.791778,-3286.688232
6.787709,-3505.071045
6.783639,-3146.328125
6.779570,-3179.788330
6.775501,-3327.287842
6.771431,-2795.657959
6.767362,-3043.852783
6.763293,-3174.007813
6.759223,-4112.573242
6.755154,-3230.865967
6.751084,-3781.873291
6.747015,-3626.428711
6.742946,-3578.206543
6.738876,-3326.779053
6.734807,-3412.128418
6.730738,-3154.499756
6.726668,-3249.011475
6.722599,-3316.751953
6.718530,-3111.806152
6.714460,-3389.123047
6.710391,-3132.729004
6.706321,-3430.585205
6.702252,-3286.958252
6.698183,-3432.224365
6.694113,-3038.760010
6.690044,-3600.927246
6.685975,-3338.674072
6.681905,-3182.929688
6.677836,-3396.016846
6.673766,-3271.097168
6.669697,-3273.237061
6.665627,-3438.866211
6.661558,-3541.043457
6.657489,-3017.017334
6.653419,-3090.872314
6.649350,-3256.102783
6.645281,-3251.702881
6.641212,-3458.672363
6.637142,-3147.990723
6.633072,-3557.227051
6.629003,-3464.220215
6.624934,-3326.393555
6.620864,-3598.057129
6.616795,-3582.911133
6.612726,-3327.752930
6.608656,-3392.676025
6.604587,-3632.618896
6.600518,-3001.294434
6.596448,-3051.093750
6.592379,-3007.090088
6.588309,-2997.427246
6.584240,-3414.627197
6.580171,-3132.174072
6.576101,-3614.993408
6.572032,-3269.333984
6.567963,-3175.145264
6.563893,-3109.826904
6.559824,-3379.491455
6.555755,-3508.552246
6.551685,-3427.739014
6.547616,-3536.679688
6.543546,-3229.854736
6.539477,-3767.261963
6.535408,-3234.913818
6.531338,-3492.212402
6.527269,-3028.548340
6.523200,-3091.914551
6.519130,-3175.271973
6.515061,-3377.660645
6.510991,-3152.797607
6.506922,-2960.738525
6.502852,-3338.415527
6.498783,-3501.037354
6.494714,-3264.781494
6.490644,-3123.131592
6.486575,-3367.380371
6.482506,-3247.908936
6.478436,-3157.906494
6.474367,-3458.701172
6.470298,-3305.864502
6.466228,-3658.845703
6.462159,-3261.161377
6.458090,-3178.224609
6.454021,-3350.942139
6.449950,-3361.304688
6.445881,-3523.039795
6.441812,-3690.595703
6.437742,-3044.614014
6.433673,-3437.242432
6.429604,-3519.864746
6.425534,-3551.694824
6.421465,-3154.658691
6.417396,-3378.785645
6.413326,-3367.928711
6.409257,-3482.253906
6.405188,-3250.730225
6.401118,-3369.968018
6.397049,-3577.658203
6.392980,-3367.298584
6.388910,-3656.386719
6.384841,-3000.340332
6.380772,-2896.832520
6.376702,-3131.373047
6.372633,-3103.487549
6.368563,-3028.368652
6.364493,-3379.197021
6.360424,-3194.687256
6.356355,-3022.257813
6.352285,-3475.281738
6.348216,-3418.077637
6.344147,-3414.392578
6.340077,-3571.827881
6.336008,-3374.347900
6.331939,-3003.281250
6.327869,-3442.517578
6.323800,-3381.725830
6.319731,-3095.604736
6.315661,-3634.576416
6.311592,-3432.110107
6.307523,-3274.064453
6.303453,-3310.273926
6.299384,-3242.688721
6.295315,-3391.459717
6.291245,-2934.776611
6.287175,-3103.180176
6.283106,-2887.371338
6.279037,-2834.083008
6.274967,-2884.037842
6.270898,-2930.927002
6.266829,-3382.645508
6.262759,-2946.161133
6.258690,-2921.184326
6.254621,-2871.622559
6.250551,-3060.212402
6.246482,-3281.939209
6.242413,-2513.814697
6.238343,-596.152649
6.234274,-701.266968
6.230205,-2389.971436
6.226135,-3024.206543
6.222066,-3462.468262
6.217997,-2832.951172
6.213927,-2904.168945
6.209858,-2893.520264
6.205788,-2968.217285
6.201718,-3418.053467
6.197649,-3067.347900
6.193580,-2698.357666
6.189510,-2871.476563
6.185441,-2749.542480
6.181372,-2636.585449
6.177302,-2725.084229
6.173233,-2835.745605
6.169164,-3301.290771
6.165094,104.129257
6.161025,-3088.036621
6.156956,-2954.804932
6.152886,-3091.948730
6.148817,-2761.501221
6.144748,-3329.663086
6.140678,-3365.131104
6.136609,-3233.705811
6.132540,-3062.896240
6.128470,-3019.677734
6.124401,-2660.033447
6.120331,-2850.456787
6.116261,-2816.616699
6.112192,-2873.744141
6.108123,-2658.077637
6.104053,-2786.591309
6.099984,-2654.708984
6.095915,-2675.303711
6.091846,-2778.790039
6.087776,-2893.664551
6.083707,-2810.957275
6.079638,-3183.878418
6.075568,-2861.117188
6.071499,-3502.114746
6.067430,-3333.567871
6.063360,-3177.807129
6.059291,-2928.568848
6.055222,-3151.716797
6.051152,-2956.137207
6.047083,-3095.787354
6.043014,-3150.780273
6.038943,-3128.272461
6.034874,-3525.037109
6.030805,-2890.125732
6.026735,-3559.812012
6.022666,-3547.851074
6.018597,-3057.400391
6.014527,-3355.240234
6.010458,-3080.979492
6.006389,-3477.673340
6.002319,-3550.547363
5.998250,-3099.882080
5.994181,-3466.758057
5.990111,-3626.795166
5.986042,-3530.072021
5.981973,-3042.608398
5.977903,-3073.622070
5.973834,-3209.164551
5.969765,-3514.888672
5.965695,-3139.690918
5.961626,-3146.943604
5.957556,-2904.082764
5.953486,-2682.932617
5.949417,-2399.237793
5.945348,-2120.275635
5.941278,-2086.861816
5.937209,-2743.242432
5.933140,-2963.765625
5.929070,-2833.422607
5.925001,-3077.035645
5.920932,-3321.468262
5.916862,-3340.607910
5.912793,-3177.119629
5.908724,-3361.062500
5.904655,-3307.546631
5.900585,-3266.256592
5.896516,-3357.122803
5.892447,-3237.426025
5.888377,-3313.884521
5.884308,-3269.937500
5.880239,-3176.681641
5.876168,-3372.239258
5.872099,-3412.282227
5.868030,-3537.197510
5.863960,-2987.313232
5.859891,-3289.703369
5.855822,-3063.697998
5.851752,-2980.580811
5.847683,-3611.885010
5.843614,-3084.853516
5.839544,-3171.012451
5.835475,-3184.938965
5.831406,-2754.125977
5.827336,-3072.048828
5.823267,-3143.574951
5.819198,-2929.138672
5.815128,-3098.949951
5.811059,-3069.143066
5.806990,-2853.603760
5.802920,-3039.907471
5.798851,-3354.287598
5.794781,-3235.654297
5.790711,-3133.280518
5.786642,-2517.770020
5.782573,-3167.959229
5.778503,-2812.931641
5.774434,-2892.505371
5.770365,-2781.223145
5.766295,-3109.656494
5.762226,-3096.479980
5.758157,-3093.768311
5.754087,-3288.169922
5.750018,-3182.685791
5.745949,-2775.928223
5.741879,-3402.280518
5.737810,-3439.767334
5.733741,-3638.294434
5.729671,-3281.964111
5.725602,-3322.715332
5.721533,-4287.208496
5.717463,-4702.702148
5.713393,-4509.793457
5.709324,-4276.918457
5.705255,-4012.124756
5.701185,-4112.669922
5.697116,-3899.120361
5.693047,-4117.005859
5.688977,-3407.695068
5.684908,-3647.117188
5.680839,-3648.358887
5.676769,-3136.246826
5.672700,-3501.541748
5.668631,-3204.617676
5.664561,-3214.473633
5.660492,-2667.342285
5.656423,-2633.063232
5.652353,-2966.029053
5.648284,-3026.717285
5.644215,-3307.178711
5.640145,-2882.388428
5.636076,-2628.375732
5.632006,-3062.178711
5.627936,-3000.593018
5.623867,-2919.808594
5.619798,-3297.275879
5.615728,-3256.912109
5.611659,-3566.935547
5.607590,-3079.012939
5.603520,-2847.658936
5.599451,-2573.145996
5.595382,-3188.088135
5.591312,-2712.184326
5.587243,-2582.808105
5.583174,-2660.353027
5.579104,-1788.581543
5.575035,-558.688721
5.570966,-222.996628
5.566896,-602.848328
5.562827,-679.954224
5.558758,924.071533
5.554688,3042.701416
5.550618,4685.160645
5.546549,6773.182617
5.542480,10440.421875
5.538410,16762.845703
5.534341,27628.787109
5.530272,43973.925781
5.526202,74001.945313
5.522133,138133.156250
5.518064,235162.140625
5.513994,278256.687500
5.509925,210373.546875
5.505856,113126.187500
5.501786,56494.625000
5.497717,35178.179688
5.493648,26904.283203
5.489578,22026.779297
5.485509,18622.226563
5.481440,16343.883789
5.477370,16026.676758
5.473301,14773.721680
5.469231,11946.628906
5.465161,9856.486328
5.461092,7846.138184
5.457023,6921.619629
5.452953,6100.744629
5.448884,5285.899902
5.444815,5363.308594
5.440745,5129.680664
5.436676,5161.863281
5.432607,5200.435547
5.428537,4601.548828
5.424468,4571.320801
5.420399,3975.655029
5.416329,4516.972168
5.412260,4014.048828
5.408191,3813.319824
5.404121,3591.038330
5.400052,3080.501465
5.395983,2334.249268
5.391913,2034.855469
5.387843,1744.611938
5.383774,894.284241
5.379704,725.314514
5.375635,617.507263
5.371566,242.492966
5.367496,-326.851288
5.363427,-325.705475
5.359358,-371.892853
5.355289,-892.025085
5.351219,-669.926025
5.347150,-1025.146606
5.343081,-526.275635
5.339011,-779.273254
5.334942,-878.285767
5.330873,-1121.856567
5.326803,-1169.068726
5.322734,-651.579834
5.318665,-1281.499023
5.314595,-923.194885
5.310526,-84.404617
5.306456,1190.014526
5.302386,1661.977417
5.298317,-181.837936
5.294248,-3789.411621
5.290178,-4462.411621
5.286109,-3994.498779
5.282040,-3670.013184
5.277970,-3475.816650
5.273901,-3172.313477
5.269832,-3357.272461
5.265762,-3271.263916
5.261693,-3231.431885
5.257624,-3326.560303
5.253554,-3552.020020
5.249485,-3422.875977
5.245416,-3100.810547
5.241346,-3070.136719
5.237277,-3332.032227
5.233208,-3069.233154
5.229138,-3123.238037
5.225068,-3055.071533
5.220999,-3295.468994
5.216929,-2822.495605
5.212860,-3111.524414
5.208791,-3148.201172
5.204721,-3330.322266
5.200652,-3082.988037
5.196583,-3259.401123
5.192513,-3099.208008
5.188444,-3128.944336
5.184375,-2851.916260
5.180305,-3298.464844
5.176236,-3063.610107
5.172167,-3477.713135
5.168097,-3358.838867
5.164028,-3239.343018
5.159959,-3065.074219
5.155890,-3237.831787
5.151820,-3399.817627
5.147751,-3186.461426
5.143681,-2780.264160
5.139611,-2962.192383
5.135542,-2880.778564
5.131473,-3033.570313
5.127403,-3027.566895
5.123334,-3317.040771
5.119265,-3019.750732
5.115195,-2995.937500
5.111126,-3078.188477
5.107057,-2992.476563
5.102987,-2910.781006
5.098918,-3141.238281
5.094849,-3252.166992
5.090779,-3661.159668
5.086710,-3499.649658
5.082641,-3760.823975
5.078571,-3857.444824
5.074502,-4105.650879
5.070433,-3599.713623
5.066363,-3682.816895
5.062294,-3189.183350
5.058224,-3589.389893
5.054154,-3298.518066
5.050085,-3169.590820
5.046016,-2675.345947
5.041946,-2893.710693
5.037877,-3307.125488
5.033808,-3254.999512
5.029738,-3064.802979
5.025669,-3038.845703
5.021600,-2954.491211
5.017530,-3002.628174
5.013461,-3138.162354
5.009392,-2905.075195
5.005322,-3118.456543
5.001253,-2776.773926
4.997184,-3401.761963
4.993114,-2917.195068
4.989045,-3085.079102
4.984976,-2939.291992
4.980906,-3083.412842
4.976836,-2630.977783
4.972767,-2649.106689
4.968698,-3239.754395
4.964628,-3132.010986
4.960559,-3599.189453
4.956490,-2964.875732
4.952420,-3056.928955
4.948351,-3123.571777
4.944282,-3330.147461
4.940212,-3045.181396
4.936143,-3274.830078
4.932074,-3063.966553
4.928004,-3250.284180
4.923935,-3340.370605
4.919866,-3063.809082
4.915796,-3362.364990
4.911727,-3364.744873
4.907658,-3763.800049
4.903588,-3146.036621
4.899519,-3713.092285
4.895449,-3293.899414
4.891379,-3366.646729
4.887310,-3061.847900
4.883241,-3116.869141
4.879171,-3367.911133
4.875102,-3450.051025
4.871033,-3120.780029
4.866963,-3188.958252
4.862894,-2976.966064
4.858825,-3149.185791
4.854755,-2879.103516
4.850686,-3087.239258
4.846617,-3296.360352
4.842547,-3606.091553
4.838478,-2988.773682
4.834409,-2886.360596
4.830339,-2975.716797
4.826270,-2804.006104
4.822201,-3038.873535
4.818131,-3002.824707
4.814061,-2792.976318
4.809992,-2746.607178
4.805923,-3046.048340
4.801853,-2620.601563
4.797784,-2572.647461
4.793715,-2300.239258
4.789645,-2014.096436
4.785576,-1989.192261
4.781507,-2770.329346
4.777437,-3017.374756
4.773368,-3018.638672
4.769299,-2963.936523
4.765229,-3037.592041
4.761160,-2782.067383
4.757091,-3170.255127
4.753021,-2934.590088
4.748952,-3065.271729
4.744883,-3229.332520
4.740813,-2666.774170
4.736744,-2878.453857
4.732674,-2703.958496
4.728604,-2949.489746
4.724535,-3051.112549
4.720466,-2806.740479
4.716396,-2892.372559
4.712327,-2626.960693
4.708258,-3047.804688
4.704188,-2988.858154
4.700119,-2842.349365
4.696050,-2538.499756
4.691980,-3089.798584
4.687911,-2474.418213
4.683842,-2638.298828
4.679772,-2466.103760
4.675703,-2638.826904
4.671634,-2300.199219
4.667564,-2644.129395
4.663495,-2199.168457
4.659426,-2610.398682
4.655356,-2673.810303
4.651286,-2856.312744
4.647217,-2824.589600
4.643147,-2525.888916
4.639078,-3073.254395
4.635009,-3054.703369
4.630939,-2652.980713
4.626870,-3414.117676
4.622801,-3275.775146
4.618731,-3131.958496
4.614662,-3078.606201
4.610593,-2960.139404
4.606524,-3148.909668
4.602454,-3099.665771
4.598385,-2886.138184
4.594316,-2933.087646
4.590246,-3270.713623
4.586177,-2833.353760
4.582108,-3289.361572
4.578038,-2937.361084
4.573969,-3066.843994
4.569899,-2887.393066
4.565829,-3585.366455
4.561760,-2961.456055
4.557691,-3465.364746
4.553621,-3066.956055
4.549552,-3134.589844
4.545483,-2836.196533
4.541413,-3417.066162
4.537344,-3181.665283
4.533275,-2973.911377
4.529205,-3422.586670
4.525136,-3086.632813
4.521067,-3070.529541
4.516997,-2891.081055
4.512928,-3156.963379
4.508859,-3397.993408
4.504789,-3503.192139
4.500720,-3169.066895
4.496651,-3135.087402
4.492581,-3387.606689
4.488511,-3443.649414
4.484442,-3269.948975
4.480372,-3261.906250
4.476303,-3250.753174
4.472234,-3451.322510
4.468164,-3254.622559
4.464095,-3026.250732
4.460026,-3251.350586
4.455956,-3126.886230
4.451887,-3066.392578
4.447818,-2973.309082
4.443748,-3226.046387
4.439679,-3090.992920
4.435610,-3292.881836
4.431540,-3436.455566
4.427471,-3191.184814
4.423402,-3157.093506
4.419333,-3447.053711
4.415263,-3229.060059
4.411194,-3130.310303
4.407124,-3246.699463
4.403054,-3412.094727
4.398985,-3173.112549
4.394916,-2733.645264
4.390846,-3090.774902
4.386777,-2920.359863
4.382708,-3119.591309
4.378638,-3265.320313
4.374569,-3152.677979
4.370500,-3288.123535
4.366430,-3293.310059
4.362361,-3015.945313
4.358292,-3053.999756
4.354222,-2815.047607
4.350153,-3283.781738
4.346084,-3210.177490
4.342014,-3371.343506
4.337945,-3072.912354
4.333876,-2626.409424
4.329806,-2903.437500
4.325736,-2636.050293
4.321667,-2782.380371
4.317597,-2500.386963
4.313528,-3013.844971
4.309459,-3145.313232
4.305389,-2886.734131
4.301320,-3302.389648
4.297251,-3326.164307
4.293181,-3167.580811
4.289112,-3640.709473
4.285043,-2755.353516
4.280973,-3336.561035
4.276904,-3028.700439
4.272835,-3322.896484
4.268765,-3140.386963
4.264696,-3247.080566
4.260627,-2793.685791
4.256557,-3052.763184
4.252488,-3400.095703
4.248419,-2870.271240
4.244349,-3053.091553
4.240279,-2961.721680
4.236210,-3443.608643
4.232141,-3333.196045
4.228071,-3197.383057
4.224002,-3240.883545
4.219933,-3088.078369
4.215863,-2534.781250
4.211794,-2997.978027
4.207725,-3319.942383
4.203655,-3230.148193
4.199586,-2945.013916
4.195517,-3235.736572
4.191447,-3259.039307
4.187378,-3036.531982
4.183309,-3079.955811
4.179239,-2732.278076
4.175170,-2873.035645
4.171101,-3054.889160
4.167031,-3004.096191
4.162961,-2761.694580
4.158892,-3103.294678
4.154822,-2863.042725
4.150753,-2583.531006
4.146684,-2310.236084
4.142614,-1472.633423
4.138545,-1431.920532
4.134476,-1989.732788
4.130406,-2744.655029
4.126337,-2694.257324
4.122268,-3202.629883
4.118198,-2890.500977
4.114129,-3024.458008
4.110060,-3076.385010
4.105990,-2606.051514
4.101921,-3120.959961
4.097852,-2871.494385
4.093782,-2949.059082
4.089713,-2848.485596
4.085644,-2903.443115
4.081573,-2994.619385
4.077504,-2775.244629
4.073435,-2231.188965
4.069366,-2869.804688
4.065296,-2853.679443
4.061227,-2810.335938
4.057158,-2612.925781
4.053088,-3333.590576
4.049019,-2699.610840
4.044950,-2980.227539
4.040880,-3350.114746
4.036811,-3025.482178
4.032742,-3088.233154
4.028672,-2526.466064
4.024603,-3023.032471
4.020534,-3043.618164
4.016464,-2821.937988
4.012395,-3248.396973
4.008326,-3148.230957
4.004256,-3033.568359
4.000187,-3258.148438
3.996117,-3070.278809
3.992047,-2971.665527
3.987978,-2965.257568
3.983909,-2882.615967
3.979839,-2994.426025
3.975770,-2805.427002
3.971701,-2870.501221
3.967631,-3461.216309
3.963562,-3041.632080
3.959493,-2734.014893
3.955423,-2912.532471
3.951354,-2856.181641
3.947285,-2979.704346
3.943215,-2675.848633
3.939146,-2954.968994
3.935077,-2773.162354
3.931007,-3375.954102
3.926938,-2712.119141
3.922869,-3230.580078
3.918799,-3033.379395
3.914729,-3107.859375
3.910660,-3296.635742
3.906590,-3404.439697
3.902521,-2768.428223
3.898452,-3441.154541
3.894382,-2841.974365
3.890313,-3291.413818
3.886244,-2592.085205
3.882174,-2369.755127
3.878105,-3088.922119
3.874036,-2972.673096
3.869967,-3234.255859
3.865897,-2714.987061
3.861828,-2868.330566
3.857759,-2790.209961
3.853689,-3284.903320
3.849620,-2712.990479
3.845551,-2805.390869
3.841481,-2918.036133
3.837412,-2961.192139
3.833342,-3041.395020
3.829272,-2747.930420
3.825203,-2719.696533
3.821134,-3630.521973
3.817064,-3315.506836
3.812995,-3431.505127
3.808926,-3119.882813
3.804856,-2984.790283
3.800787,-3492.166016
3.796718,-3774.850098
3.792648,-3103.123779
3.788579,-3405.553955
3.784510,-3385.217285
3.780440,-3236.734619
3.776371,-3364.915771
3.772302,-3296.362305
3.768232,-3216.869385
3.764163,-3425.643311
3.760094,-3423.233398
3.756024,-3299.984131
3.751954,-2924.716553
3.747885,-2549.896484
3.743815,-2708.909912
3.739746,-2628.513428
3.735677,-2988.564697
3.731607,-2824.469238
3.727538,-2631.115479
3.723469,-2958.356445
3.719399,-2755.180664
3.715330,-2788.958252
3.711261,-2645.572266
3.707191,-3297.891113
3.703122,-2977.207520
3.699053,-2918.155273
3.694983,-2726.170166
3.690914,-2770.079102
3.686845,-2388.002441
3.682775,-2310.739746
3.678706,-1965.066895
3.674637,-3000.754883
3.670567,-1978.993896
3.666497,-2189.709229
3.662428,-1863.646362
3.658359,-1868.675049
3.654289,-1448.377319
3.650220,-1493.281250
3.646151,-1251.229370
3.642081,-454.534271
3.638012,725.224976
3.633943,2126.518555
3.629873,4730.787109
3.625804,9602.456055
3.621735,15924.589844
3.617665,25452.511719
3.613596,36014.867188
3.609527,47031.886719
3.605457,53107.585938
3.601388,55610.828125
3.597319,50147.117188
3.593249,42296.082031
3.589179,30762.191406
3.585110,21205.609375
3.581040,13099.915039
3.576971,8339.023438
3.572902,5532.042480
3.568832,4092.485596
3.564763,2959.843506
3.560694,2287.307129
3.556624,2250.820557
3.552555,1756.038330
3.548486,1160.994507
3.544416,647.117249
3.540347,725.093079
3.536278,225.240234
3.532208,-272.390411
3.528139,71.103653
3.524070,-286.295868
3.520000,-247.861115
3.515931,79.804619
3.511862,-75.332611
3.507792,188.448578
3.503722,117.375938
3.499653,928.560242
3.495584,605.645081
3.491514,1342.302124
3.487445,5015.559570
3.483376,922.381775
3.479306,-1154.102295
3.475237,-434.506073
3.471168,-895.949463
3.467098,-1258.918091
3.463029,-1233.197632
3.458960,-1441.984863
3.454890,-1483.812866
3.450821,-1591.026978
3.446752,-1767.607910
3.442682,-1984.694214
3.438613,-1509.448120
3.434544,-1764.956421
3.430474,-2012.984741
3.426404,-1507.672363
3.422335,-1880.967651
3.418265,-2012.676758
3.414196,-1782.527832
3.410127,-1551.543701
3.406057,-1533.932129
3.401988,-1585.437744
3.397919,-1733.239380
3.393849,-1733.549561
3.389780,-1898.491943
3.385711,-2052.772217
3.381641,-2531.431885
3.377572,-2151.195068
3.373503,-2554.966553
3.369433,-2976.714111
3.365364,-2800.451172
3.361295,-2385.286865
3.357225,-2887.128906
3.353156,-2631.542969
3.349087,-2514.568604
3.345016,-2514.817627
3.340947,-2689.375732
3.336878,-2193.894043
3.332808,-2271.786377
3.328739,-2332.962646
3.324670,-2533.001221
3.320601,-2017.788208
3.316531,-1886.514038
3.312462,-1862.234741
3.308393,-1697.969116
3.304323,-1350.892456
3.300254,-1331.907104
3.296185,-1437.857300
3.292115,-2290.681396
3.288046,-2126.374268
3.283977,-2815.990967
3.279907,-2600.933594
3.275838,-2335.421143
3.271769,-3107.216553
3.267699,-3186.551514
3.263629,-2710.502930
3.259560,-2909.037354
3.255490,-2807.011963
3.251421,-2576.859375
3.247352,-2961.475342
3.243282,-2974.590820
3.239213,-2894.826660
3.235144,-2688.545654
3.231074,-2780.490723
3.227005,-2637.549072
3.222936,-3137.015625
3.218866,-2758.309326
3.214797,-2513.471924
3.210728,-2495.122559
3.206658,-2952.515381
3.202589,-2683.698730
3.198520,-2919.106201
3.194450,-2727.276123
3.190381,-2813.825684
3.186312,-2363.422363
3.182241,-2739.110107
3.178172,-2879.674072
3.174103,-2517.466309
3.170033,-3044.495117
3.165964,-2732.436523
3.161895,-3055.350586
3.157825,-2679.839600
3.153756,-2456.286133
3.149687,-2627.707520
3.145617,-2190.444580
3.141548,-2389.807861
3.137479,-1754.010498
3.133410,-1485.416382
3.129340,-1667.087280
3.125271,-1604.383423
3.121202,-1608.300293
3.117132,-7.059207
3.113063,2566.385742
3.108994,6266.215332
3.104924,7391.437988
3.100854,4119.386230
3.096785,320.676605
3.092715,-904.932434
3.088646,-1679.476929
3.084577,-1967.131836
3.080507,-1783.305542
3.076438,-1732.165039
3.072369,-2434.226318
3.068299,-2086.328369
3.064230,-2574.901855
3.060161,-2344.550537
3.056091,-2384.208740
3.052022,-2122.228027
3.047953,-1441.665771
3.043883,-561.697205
3.039814,-2107.015137
3.035745,-2617.484375
3.031675,-2251.193115
3.027606,-2021.635254
3.023537,-1999.791260
3.019467,-1953.926514
3.015397,-2043.334473
3.011328,-2155.016113
3.007258,-2052.564209
3.003189,-2098.281494
2.999120,-1872.643066
2.995050,-1869.696411
2.990981,-2209.973633
2.986912,-1404.047485
2.982842,-2795.170654
2.978773,-1658.082397
2.974704,-2458.471436
2.970634,-2338.707275
2.966565,-1024.564697
2.962496,-1561.087769
2.958426,158.770630
2.954357,-449.249298
2.950288,-1271.678345
2.946218,-1750.275513
2.942149,-2010.474609
2.938080,-1866.779053
2.934010,-1908.901123
2.929940,-1869.695313
2.925871,-1500.943481
2.921802,-1642.558594
2.917732,-2011.563477
2.913663,-819.221375
2.909594,-786.079712
2.905524,-2189.767090
2.901455,-2417.743408
2.897386,-2060.586182
2.893316,-1902.097534
2.889247,-2315.248047
2.885178,-2014.053345
2.881108,-2594.789307
2.877039,-2325.304199
2.872970,-2158.369873
2.868900,-2577.889648
2.864831,-2444.123535
2.860762,-1730.687500
2.856692,-2498.803711
2.852622,-1905.730225
2.848553,-1717.744507
2.844483,-1965.726807
2.840414,-1860.260620
2.836345,-1925.372437
2.832275,-1660.836914
2.828206,-1046.011353
2.824137,-577.878113
2.820067,-658.900269
2.815998,-699.904541
2.811929,-345.912811
2.807859,-62.676899
2.803790,-207.175491
2.799721,-100.397293
2.795651,-384.899384
2.791582,112.637779
2.787513,-316.160767
2.783443,-376.854980
2.779374,-689.551880
2.775305,-2892.743408
2.771235,-9160.774414
2.767165,28811.626953
2.763096,8423.764648
2.759027,4470.745117
2.754957,-1884.558716
2.750888,-1377.842041
2.746819,-802.423096
2.742749,-248.478424
2.738680,-415.166595
2.734611,-813.762451
2.730541,-340.806854
2.726472,-122.017082
2.722403,-315.488525
2.718333,-65.575424
2.714264,62.393238
2.710195,-96.817848
2.706125,-33.612228
2.702056,25.244356
2.697987,347.477081
2.693917,-120.301277
2.689847,-157.401535
2.685778,-960.977661
2.681708,-898.441223
2.677639,-971.439514
2.673570,-373.151428
2.669500,-16.987518
2.665431,387.553040
2.661362,161.388519
2.657292,432.766052
2.653223,389.696136
2.649154,65.871826
2.645084,386.639069
2.641015,431.626282
2.636946,438.439056
2.632876,426.899780
2.628807,695.197937
2.624738,1171.757813
2.620668,556.054871
2.616599,556.216248
2.612530,901.483398
2.608459,880.676697
2.604390,-1141.730469
2.600321,-1644.312134
2.596251,-1244.928833
2.592182,-1093.064087
2.588113,-965.680786
2.584044,-1328.743774
2.579974,-1340.396362
2.575905,-1115.338989
2.571836,-1839.276245
2.567766,-1718.813965
2.563697,-1795.567505
2.559628,-1584.436523
2.555558,-1643.281982
2.551489,-790.714661
2.547420,-707.498291
2.543350,-2062.079834
2.539281,-2283.299316
2.535212,-1913.544434
2.531142,-1420.265991
2.527072,-1210.750122
2.523003,-1331.790771
2.518933,-1508.897949
2.514864,-1200.758911
2.510795,-1250.965942
2.506725,-1692.005249
2.502656,-1448.739746
2.498587,-874.986877
2.494517,-632.035950
2.490448,-878.497742
2.486379,-921.693787
2.482309,70.910797
2.478240,3664.688477
2.474171,6097.752930
2.470101,5818.838867
2.466032,1853.003540
2.461963,-453.079468
2.457893,-1241.136108
2.453824,-1985.815796
2.449755,-1460.000366
2.445684,-2414.856689
2.441615,-2356.992920
2.437546,-2664.581055
2.433476,-2294.796875
2.429407,-2099.320801
2.425338,-1919.948730
2.421268,-1670.073975
2.417199,-1473.619629
2.413130,-1944.338867
2.409060,-1639.508057
2.404991,-1254.339966
2.400922,-1103.339233
2.396852,-613.755676
2.392783,-295.317047
2.388714,-88.441185
2.384645,-163.401581
2.380575,170.592468
2.376506,557.289063
2.372437,-99.679451
2.368367,313.127930
2.364297,314.424011
2.360228,388.745300
2.356158,355.607361
2.352089,437.309692
2.348020,401.398041
2.343950,1346.770874
2.339881,604.081665
2.335812,336.447205
2.331742,146.298065
2.327673,1045.404541
2.323604,1998.133057
2.319534,2626.047607
2.315465,2546.480713
2.311396,3668.290771
2.307326,3806.992676
2.303257,3996.009033
2.299188,4779.119141
2.295118,5228.289551
2.291049,6003.005371
2.286980,6209.700195
2.282909,6791.139160
2.278840,7003.200195
2.274771,8268.897461
2.270701,10246.473633
2.266632,11353.491211
2.262563,14339.938477
2.258493,33131.628906
2.254424,44055.097656
2.250355,65090.609375
2.246285,124868.593750
2.242216,180048.390625
2.238147,233709.484375
2.234077,223559.734375
2.230008,171426.484375
2.225939,111005.500000
2.221869,56960.750000
2.217800,32650.787109
2.213731,23447.070313
2.209661,20487.365234
2.205592,18724.230469
2.201522,17022.806641
2.197453,14387.633789
2.193383,15088.563477
2.189314,16612.619141
2.185245,16478.875000
2.181175,14566.556641
2.177106,13010.489258
2.173037,12616.298828
2.168967,12708.955078
2.164898,11693.013672
2.160829,12743.935547
2.156759,13973.472656
2.152690,12034.128906
2.148621,10227.338867
2.144551,8844.545898
2.140482,8357.215820
2.136413,8441.022461
2.132343,8842.427734
2.128274,9797.560547
2.124205,10730.748047
2.120134,10752.825195
2.116065,9515.093750
2.111996,10301.217773
2.107926,16977.414063
2.103857,25633.113281
2.099788,27101.468750
2.095718,29310.191406
2.091649,29873.701172
2.087580,31354.976563
2.083510,33604.933594
2.079441,44123.222656
2.075372,63417.257813
2.071302,91872.492188
2.067233,132762.156250
2.063164,187541.906250
2.059094,269205.687500
2.055025,406659.687500
2.050956,716899.375000
2.046886,1495413.000000
2.042817,2136334.000000
2.038747,1441645.375000
2.034678,644024.875000
2.030608,294003.375000
2.026539,202054.093750
2.022470,172381.609375
2.018400,149404.750000
2.014331,126228.062500
2.010262,105541.609375
2.006192,92032.539063
2.002123,83429.523438
1.998054,80303.695313
1.993984,76541.000000
1.989915,62628.566406
1.985846,55191.011719
1.981776,51483.230469
1.977707,45532.316406
1.973638,43997.125000
1.969568,45218.902344
1.965499,44960.843750
1.961430,43747.750000
1.957360,42327.437500
1.953290,39638.394531
1.949221,37853.832031
1.945151,37207.953125
1.941082,36809.808594
1.937013,38044.167969
1.932943,35402.226563
1.928874,31689.470703
1.924805,28805.050781
1.920735,26435.054688
1.916666,24442.943359
1.912597,22002.310547
1.908527,19557.357422
1.904458,17711.355469
1.900389,16144.879883
1.896319,14274.539063
1.892250,11554.911133
1.888181,10609.511719
1.884111,10054.549805
1.880042,9101.165039
1.875973,10428.554688
1.871902,9990.356445
1.867833,9069.926758
1.863764,8418.953125
1.859694,8677.675781
1.855625,8312.899414
1.851556,7870.593750
1.847486,8671.257813
1.843417,10116.616211
1.839348,12949.183594
1.835279,19668.900391
1.831209,32974.707031
1.827140,21754.039063
1.823071,-12582.978516
1.819001,-15230.420898
1.814932,-10267.364258
1.810863,-7327.415527
1.806793,-6300.904297
1.802724,-5725.112793
1.798655,-5637.057617
1.794585,-5295.937500
1.790515,-5053.789551
1.786446,-4720.547363
1.782376,-4760.142090
1.778307,-4594.857422
1.774238,-4769.136230
1.770168,-4759.159668
1.766099,-4083.259766
1.762030,-3368.647705
1.757960,-3205.742188
1.753891,-3101.561523
1.749822,-2757.459473
1.745752,-3206.699707
1.741683,-3151.862793
1.737614,-3114.532715
1.733544,-2957.173340
1.729475,-3375.484619
1.725406,-3382.484131
1.721336,-3235.741455
1.717267,-3451.155029
1.713198,-3462.316895
1.709127,-3138.387939
1.705058,-3188.318115
1.700989,-2849.774658
1.696919,-3286.367920
1.692850,-3607.057129
1.688781,-3431.503174
1.684711,-3342.820313
1.680642,-3223.298340
1.676573,-3027.357666
1.672503,-3074.668945
1.668434,-3079.750732
1.664365,-3441.051025
1.660295,-3822.511230
1.656226,-3366.502930
1.652157,-3315.159668
1.648088,-3454.960449
1.644018,-3343.442139
1.639949,-3683.572266
1.635880,-3272.300293
1.631810,-3874.394287
1.627740,-3967.446533
1.623671,-3746.074951
1.619601,-2952.105469
1.615532,-2416.708984
1.611463,-9535.904297
1.607393,-9875.653320
1.603324,-5985.404297
1.599255,-4032.351318
1.595185,-3977.215088
1.591116,-3612.841064
1.587047,-3460.477295
1.582977,-2780.085205
1.578908,-3061.400879
1.574839,-2828.045898
1.570769,-2998.147217
1.566700,-2092.974121
1.562631,-2495.987305
1.558561,-3512.198975
1.554492,-3323.045410
1.550423,-3206.569092
1.546352,-2690.511230
1.542283,-1994.799438
1.538214,-2240.776367
1.534144,-2593.441406
1.530075,-2900.125732
1.526006,-2626.976074
1.521936,-2188.873047
1.517867,-1485.367065
1.513798,-2030.287964
1.509728,-1577.115601
1.505659,-2502.438965
1.501590,-2125.089355
1.497520,-2704.404785
1.493451,-2632.742432
1.489382,-2382.696777
1.485312,-2544.138184
1.481243,-2782.786621
1.477174,-2890.468262
1.473104,-3227.520996
1.469035,-3401.614746
1.464965,-3385.556885
1.460896,-3573.152832
1.456826,-2791.064697
1.452757,-3065.393066
1.448688,-3350.486572
1.444618,-3396.784424
1.440549,-3061.027100
1.436480,-2863.138916
1.432410,-2911.153564
1.428341,-2708.999512
1.424272,-2637.038818
1.420202,-2720.347900
1.416133,-3347.823486
1.412064,-2386.565186
1.407994,-2664.731934
1.403925,-2677.987793
1.399856,-2454.158936
1.395786,-2647.385742
1.391717,-3512.008301
1.387648,-3340.000244
1.383577,-3139.297363
1.379508,-2549.326904
1.375439,-2752.425049
1.371369,-2603.123535
1.367300,-2588.302246
1.363231,-2356.818604
1.359161,-2184.617188
1.355092,-1761.862915
1.351023,-1903.702026
1.346953,-1538.703125
1.342884,-1427.494751
1.338815,-1537.733643
1.334745,-1236.751709
1.330676,-332.146332
1.326607,1619.411987
1.322537,-850.059204
1.318468,7854.437500
1.314399,4045.237305
1.310329,-2369.350830
1.306260,-2969.094727
1.302190,-2940.251953
1.298120,-2969.918701
1.294051,-2597.358887
1.289982,-2102.533691
1.285913,-2096.038086
1.281843,-2072.347412
1.277774,-2693.888672
1.273705,-2140.372070
1.269635,-2155.392822
1.265566,-2275.204590
1.261497,-2000.711548
1.257427,-1958.230469
1.253358,-2170.141602
1.249289,-2435.518311
1.245219,-2348.115967
1.241150,-1650.831543
1.237081,-1899.944824
1.233011,-2148.423584
1.228942,-2127.665283
1.224873,-2029.998291
1.220802,-1911.103760
1.216733,-1666.393433
1.212664,-1727.094360
1.208594,-1080.880859
1.204525,-1549.312134
1.200456,-839.533020
1.196386,-698.806213
1.192317,-302.015869
1.188248,-40.981228
1.184178,-1571.965332
1.180109,-2160.120361
1.176040,-1448.514771
1.171970,-1366.720459
1.167901,-1019.548584
1.163832,-1170.111084
1.159762,-1609.948486
1.155693,-1896.758179
1.151624,-2358.743408
1.147554,-2350.931885
1.143485,-2575.938477
1.139415,-2519.030273
1.135345,-2514.908936
1.131276,-2865.096924
1.127207,-2771.333008
1.123137,-2840.442871
1.119068,-3123.802979
1.114999,-2751.111572
1.110929,-3877.045898
1.106860,-3340.730225
1.102791,-3290.212646
1.098722,-3630.427734
1.094652,-3605.870605
1.090583,-3591.833740
1.086514,-3094.439941
1.082444,-3639.090088
1.078375,-3621.063721
1.074306,-3569.555908
1.070236,-3274.781494
1.066167,-3837.551025
1.062098,-3591.925293
1.058027,-3664.224121
1.053958,-4304.354492
1.049889,-4604.129395
1.045819,-4077.606201
1.041750,-3023.881836
1.037681,-3015.340820
1.033611,-3013.107422
1.029542,-3607.047852
1.025473,-3249.377197
1.021403,-3264.209961
1.017334,-3634.769043
1.013265,-3092.128662
1.009195,-3161.276123
1.005126,-2696.322021
1.001057,-2671.818115
0.996987,-2463.738770
0.992918,-1747.547485
0.988849,-531.360596
0.984779,1070.978394
0.980710,4888.904785
0.976640,7659.199707
0.972570,5415.438965
0.968501,1108.905762
0.964432,-1848.066040
0.960362,-3388.196045
0.956293,-3516.344482
0.952224,-2750.656006
0.948154,-2891.502686
0.944085,-3312.727539
0.940016,-3226.901855
0.935946,-3113.721436
0.931877,-2939.443848
0.927808,-2834.262207
0.923738,-3663.609131
0.919669,-3392.091797
0.915600,-3546.547119
0.911530,-3432.243408
0.907461,-3577.021484
0.903392,-3951.444580
0.899323,-3363.678711
0.895253,-3212.055420
0.891183,-3656.448486
0.887114,-3644.951660
0.883044,-3610.221436
0.878975,-3586.947998
0.874906,-3715.465576
0.870836,-3582.379150
0.866767,-3246.230469
0.862698,-3776.081787
0.858628,-3551.854004
0.854559,-3688.774414
0.850490,-3165.706055
0.846420,-3369.966064
0.842351,-3688.297119
0.838282,-3083.311523
0.834212,-3578.162842
0.830143,-3579.651367
0.826074,-3439.071289
0.822004,-4071.926758
0.817935,-3735.168701
0.813866,-3742.545410
0.809795,-2944.040771
0.805726,-3443.169922
0.801657,-3043.288818
0.797587,-3327.826416
0.793518,-2950.808594
0.789449,-3657.945068
0.785379,-3288.293213
0.781310,-3459.693359
0.777241,-3655.328857
0.773171,-3423.424072
0.769102,-3727.255859
0.765033,-3824.019287
0.760963,-3064.342285
0.756894,-3284.730469
0.752825,-3394.700195
0.748755,-3343.631104
0.744686,-3631.243896
0.740617,-3682.294434
0.736547,-3400.252197
0.732478,-3762.852051
0.728408,-4251.048340
0.724339,-308.576050
0.720269,-4168.275391
0.716200,-3475.472656
0.712131,-4226.459473
0.708061,-3735.230957
0.703992,-3328.855957
0.699923,-3823.580811
0.695853,-3880.528076
0.691784,-3134.226807
0.687715,-3734.581543
0.683645,-3331.191162
0.679576,-3455.420654
0.675507,-3388.467041
0.671437,-3527.642090
0.667368,-3438.634277
0.663299,-3245.048828
0.659229,-3371.928467
0.655160,-3360.185303
0.651091,-2985.718994
0.647020,-3346.901855
0.642951,-3292.603271
0.638882,-2991.152832
0.634812,-3207.213867
0.630743,-2953.391113
0.626674,-2937.834961
0.622604,-2739.781738
0.618535,-2105.860107
0.614466,-1976.463257
0.610396,-1214.745972
0.606327,-270.506042
0.602258,1797.772827
0.598188,-554.248657
0.594119,-2984.775635
0.590050,-3233.031982
0.585980,-2820.537109
0.581911,-2509.088135
0.577842,-2774.200195
0.573772,-2801.493164
0.569703,-2552.324707
0.565633,-3192.860107
0.561563,-3085.453613
0.557494,-3394.526123
0.553425,-3030.794189
0.549356,-3008.480225
0.545286,-3103.522217
0.541217,-3193.088867
0.537148,-3351.147949
0.533078,-3219.218262
0.529009,-3242.773438
0.524940,-3436.447754
0.520870,-3565.706543
0.516801,-3531.572998
0.512732,-3095.746582
0.508662,-3115.736572
0.504593,-3245.816895
0.500524,-3656.616943
0.496454,-3364.830322
0.492385,-2933.439453
0.488316,-3460.794922
0.484245,-3374.297363
0.480176,-3619.923096
0.476107,-3467.197754
0.472037,-3429.353027
0.467968,-3566.705322
0.463899,-3073.679443
0.459829,-3423.353271
0.455760,-3935.719482
0.451691,-3368.355957
0.447621,-3279.330078
0.443552,-3507.272705
0.439483,-3348.780762
0.435413,-3402.831299
0.431344,-2859.001465
0.427275,-2971.768799
0.423205,-3360.992432
0.419136,-3324.765625
0.415067,-3172.351318
0.410997,-3528.165283
0.406928,-3535.297852
0.402858,-3643.323242
0.398788,-3355.681885
0.394719,-3271.451416
0.390650,-3617.515381
0.386580,-3502.030273
0.382511,-3710.156250
0.378442,-3709.055176
0.374372,-3296.009521
0.370303,-3450.768311
0.366234,-3574.426025
0.362164,-3780.354492
0.358095,-3696.935059
0.354026,-4055.713867
0.349957,-3389.480469
0.345887,-3656.761719
0.341818,-3417.976563
0.337749,-3383.072998
0.333679,-3098.371826
0.329610,-3513.786621
0.325541,-2988.575928
0.321470,-3265.693848
0.317401,-3466.865234
0.313332,-3144.193848
0.309262,-3437.308350
0.305193,-3303.108643
0.301124,-3592.744141
0.297054,-3308.610107
0.292985,-3569.645264
0.288916,-3531.486328
0.284846,-3417.469482
0.280777,-3489.319824
0.276708,-3512.787109
0.272638,-3118.578369
0.268569,-3496.678711
0.264500,-3194.502930
0.260430,-3062.984375
0.256361,-3253.969238
0.252292,-3677.459473
0.248222,-3463.909668
0.244153,-3350.607666
0.240083,-3667.684326
0.236013,-3253.398438
0.231944,-3537.229248
0.227875,-3821.437012
0.223805,-3376.167725
0.219736,-3979.547852
0.215667,-2410.964844
0.211597,-3848.311279
0.207528,-4580.898926
0.203459,-4799.482910
0.199389,-4299.759277
0.195320,-4299.115234
0.191251,-4177.032715
0.187181,-3686.496338
0.183112,-3955.623291
0.179043,-3925.526367
0.174973,-4078.549805
0.170904,-4378.523926
0.166835,-3256.032227
0.162766,-3502.819824
0.158695,-3971.342285
0.154626,-3329.387939
0.150557,-3458.976318
0.146487,-3202.954834
0.142418,-2946.444092
0.138349,-3373.014404
0.134279,-3125.666748
0.130210,-3659.626465
0.126141,-2893.404785
0.122071,-3131.594727
0.118002,-2809.498535
0.113933,-3218.571289
0.109863,-3109.948242
0.105794,-3209.381836
0.101725,-3271.644043
0.097655,-3292.053955
0.093586,-2981.483643
0.089517,-3293.029541
0.085447,-3482.343262
0.081378,-2886.038818
0.077308,-2313.265625
0.073238,-2421.286621
0.069169,-2218.169678
0.065100,-848.001465
0.061030,720.545776
0.056961,2414.932129
0.052892,2390.237061
0.048822,4.967392
0.044753,-562.561768
0.040684,40.097435
0.036614,734.829407
0.032545,2055.696289
0.028476,4292.307617
0.024406,8339.573242
0.020337,13300.839844
0.016268,19788.984375
0.012198,29821.191406
0.008129,50718.921875
0.004060,109178.007813
-0.000010,169713.765625
-0.004080,100466.562500
-0.008149,39935.929688
-0.012218,15901.491211
-0.016288,11346.187500
-0.020357,9384.907227
-0.024426,6507.138672
-0.028496,5007.106445
-0.032565,4151.537598
-0.036634,3224.891846
-0.040704,2640.128906
-0.044773,2433.864502
-0.048842,2451.115967
-0.052912,3589.324707
-0.056981,3536.935547
-0.061050,1185.575684
-0.065120,105.202812
-0.069189,-1067.159546
-0.073258,-412.212769
-0.077328,-425.665802
-0.081397,-370.609741
-0.085466,-259.493988
-0.089537,-965.668640
-0.093606,-968.488403
-0.097675,-881.185669
-0.101745,-1335.388306
-0.105814,-1205.771851
-0.109883,-1088.519897
-0.113953,-1452.050049
-0.118022,-1855.934082
-0.122091,-1349.197998
-0.126161,-2260.534424
-0.130230,-2232.561035
-0.134299,-2478.952393
-0.138369,-2834.579102
-0.142438,-2730.160400
-0.146507,-2353.435547
-0.150577,-2331.047119
-0.154646,-3322.433350
-0.158715,-3052.348877
-0.162785,-3366.027832
-0.166854,-3090.504639
-0.170924,-2952.942871
-0.174994,-3405.315918
-0.179063,-3459.845703
-0.183132,-3066.904785
-0.187201,-3201.426758
-0.191271,-3017.165771
-0.195340,-3090.166260
-0.199409,-2767.483154
-0.203479,-2786.936768
-0.207548,-2154.438477
-0.211617,-1152.545288
-0.215687,-2083.983154
-0.219756,-5036.953613
-0.223825,-5430.259766
-0.227895,-4731.749512
-0.231964,-4266.615234
-0.236033,-4313.556641
-0.240103,-4391.241699
-0.244172,-4168.962891
-0.248241,-4329.552246
-0.252312,-4536.807617
-0.256381,-4487.846191
-0.260450,-4517.253906
-0.264520,-4375.703125
-0.268589,-4085.781982
-0.272658,-4201.672852
-0.276728,-4441.069336
-0.280797,-3872.849121
-0.284866,-4223.136230
-0.288936,-3973.717041
-0.293005,-3628.193604
-0.297074,-4288.525879
-0.301144,-4382.457520
-0.305213,-3973.529785
-0.309282,-4270.770508
-0.313352,-4353.211914
-0.317421,-4240.425781
-0.321490,-3802.127686
-0.325560,-4155.838379
-0.329629,-4058.297852
-0.333699,-4430.166504
-0.337769,-4151.055664
-0.341838,-4181.921387
-0.345907,-3984.620605
-0.349977,-3687.190186
-0.354046,-4037.882324
-0.358115,-4083.366211
-0.362185,-3885.601807
-0.366254,-4044.975098
-0.370323,-4068.476807
-0.374393,-4114.112793
-0.378462,-4208.951172
-0.382531,-4079.243896
-0.386600,-4259.093262
-0.390670,-4372.885742
-0.394739,-4238.453125
-0.398808,-4191.670410
-0.402878,-4310.797852
-0.406947,-4003.834229
-0.411016,-4146.997559
-0.415087,-4391.357422
-0.419156,-4007.561523
-0.423225,-4083.239014
-0.427295,-3822.543945
-0.431364,-4609.972168
-0.435433,-4562.394531
-0.439503,-4311.346680
-0.443572,-3939.963623
-0.447641,-4344.116699
-0.451711,-4425.323730
-0.455780,-4155.000000
-0.459849,-3643.572266
-0.463919,-3937.321045
-0.467988,-4049.780273
-0.472057,-4323.935059
-0.476127,-4083.927002
-0.480196,-3913.368896
-0.484265,-4329.441406
-0.488335,-4182.347168
-0.492404,-3790.999756
-0.496474,-4216.108887
-0.500544,-4214.174805
-0.504613,-3633.675537
-0.508682,-4267.460938
-0.512752,-3965.571777
-0.516821,-4474.889648
-0.520890,-4200.785645
-0.524960,-3949.976563
-0.529029,-3767.331055
-0.533098,-3939.732178
-0.537168,-3746.674805
-0.541237,-3925.508057
-0.545306,-4205.912109
-0.549376,-4115.699219
-0.553445,-4116.992676
-0.557514,-4039.651611
-0.561584,-4018.272217
-0.565653,-4218.712402
-0.569722,-4172.158691
-0.573792,-4112.562988
-0.577862,-4391.302246
-0.581931,-4227.949219
-0.586000,-3846.589844
-0.590070,-4262.715820
-0.594139,-3872.600830
-0.598208,-4320.705566
-0.602278,-4026.046875
-0.606347,-4089.876221
-0.610416,-4324.286133
-0.614486,-4356.094727
-0.618555,-4187.490723
-0.622624,-4374.248047
-0.626694,-3898.651611
-0.630763,-3719.770020
-0.634832,-3734.364746
-0.638902,-4172.489258
-0.642971,-4368.756348
-0.647040,-4000.412598
-0.651110,-4370.762207
-0.655179,-4032.704346
-0.659249,-3995.296631
-0.663319,-3982.849121
-0.667388,-4293.815430
-0.671457,-3768.665527
-0.675527,-4097.715820
-0.679596,-4296.869629
-0.683665,-4086.678711
-0.687735,-3808.741943
-0.691804,-3745.826904
-0.695873,-3822.863037
-0.699943,-3922.724609
-0.704012,-4050.199219
-0.708081,-4101.913574
-0.712151,-4062.910400
-0.716220,-3387.510010
-0.720289,-3880.799561
-0.724359,-2927.149170
-0.728428,-3732.839600
-0.732497,-4301.466309
-0.736567,-4099.136719
-0.740637,-3975.106934
-0.744706,-3939.972412
-0.748775,-3786.771484
-0.752845,-4100.796875
-0.756914,-3989.235352
-0.760983,-4155.260254
-0.765053,-3969.416748
-0.769122,-3767.897461
-0.773191,-4044.409180
-0.777261,-3834.527100
-0.781330,-3855.278809
-0.785399,-3766.725830
-0.789469,-4364.708984
-0.793538,-3962.693359
-0.797607,-4152.674316
-0.801677,-3909.491943
-0.805746,-4189.020020
-0.809815,-3874.219727
-0.813885,-4403.226074
-0.817954,-3791.250732
-0.822024,-4035.642822
-0.826094,-4080.097900
-0.830163,-4010.171875
-0.834232,-3763.957275
-0.838302,-3816.380127
-0.842371,-3587.731445
-0.846440,-3770.678467
-0.850510,-4015.389404
-0.854579,-4186.680664
-0.858648,-3862.900879
-0.862718,-3716.475586
-0.866787,-4032.330078
-0.870856,-3721.351318
-0.874926,-3656.943359
-0.878995,-4107.749023
-0.883064,-3675.030029
-0.887134,-4023.048828
-0.891203,-3937.707275
-0.895272,-4189.803711
-0.899342,-4029.342773
-0.903412,-3808.309814
-0.907481,-4136.802246
-0.911551,-4007.438965
-0.915620,-4184.562988
-0.919689,-3928.369873
-0.923759,-4105.977539
-0.927828,-4511.101074
-0.931897,-3956.540771
-0.935966,-3988.781494
-0.940036,-3683.245117
-0.944105,-4250.318848
-0.948174,-4351.249512
-0.952244,-4260.387695
-0.956313,-3977.113770
-0.960382,-4002.129150
-0.964452,-4141.896973
-0.968521,-3940.702148
-0.972590,-4210.575195
-0.976660,-3487.829590
-0.980729,-3888.257813
-0.984799,-3343.026367
-0.988869,-3544.962646
-0.992938,-3941.924316
-0.997007,-3909.449219
-1.001077,-3848.921875
-1.005146,-4186.209473
-1.009215,-4241.317383
-1.013285,-4147.221191
-1.017354,-3932.596924
-1.021423,-4016.304199
-1.025493,-3920.483643
-1.029562,-4130.757813
-1.033631,-4171.525879
-1.037701,-4031.132813
-1.041770,-3687.356689
-1.045839,-3816.780273
-1.049909,-4044.738281
-1.053978,-3901.455566
-1.058047,-4614.346191
-1.062117,-3936.592041
-1.066187,-4176.109863
-1.070256,-3807.524658
-1.074326,-3951.168945
-1.078395,-4421.320313
-1.082464,-4336.896484
-1.086534,-4130.360352
-1.090603,-4132.660645
-1.094672,-4268.471191
-1.098742,-3931.101074
-1.102811,-4225.223145
-1.106880,-4339.389160
-1.110950,-4311.923340
-1.115019,-4054.922119
-1.119088,-4087.766357
-1.123158,-4574.782227
-1.127227,-4364.926758
-1.131296,-3995.401367
-1.135365,-3909.714355
-1.139435,-4156.016113
-1.143504,-4023.584717
-1.147573,-4271.053223
-1.151644,-3638.552979
-1.155713,-3827.608643
-1.159782,-4255.624512
-1.163852,-3988.077148
-1.167921,-4092.966309
-1.171990,-4111.902344
-1.176060,-4089.444092
-1.180129,-4184.203613
-1.184198,-3792.416748
-1.188268,-4294.178711
-1.192337,-4358.998047
-1.196406,-4109.368164
-1.200476,-3851.278809
-1.204545,-3830.921875
-1.208614,-3966.518799
-1.212684,-4381.550293
-1.216753,-4201.399414
-1.220822,-4258.483887
-1.224892,-3844.547607
-1.228961,-3856.588623
-1.233031,-4124.713867
-1.237101,-3880.252197
-1.241170,-4269.632813
-1.245239,-3801.632324
-1.249309,-3783.486328
-1.253378,-4572.657227
-1.257447,-4489.016113
-1.261517,-4017.553467
-1.265586,-4074.573486
-1.269655,-3965.920898
-1.273725,-3943.338135
-1.277794,-4080.687256
-1.281863,-4190.166016
-1.285933,-3950.958984
-1.290002,-4117.970703
-1.294071,-4280.428711
-1.298141,-4212.033203
-1.302210,-3933.074951
-1.306279,-3746.305908
-1.310349,-3881.919189
-1.314419,-4289.091797
-1.318488,-3906.914063
-1.322557,-4182.151855
-1.326627,-4288.971680
-1.330696,-4092.996826
-1.334765,-4126.267090
-1.338835,-3977.176270
-1.342904,-3920.045898
-1.346973,-4134.486328
-1.351043,-3917.605225
-1.355112,-4058.871094
-1.359181,-4023.204346
-1.363251,-4248.128906
-1.367320,-4107.562500
-1.371389,-4012.785400
-1.375459,-4228.012695
-1.379528,-3842.158691
-1.383597,-3942.681152
-1.387667,-4081.117188
-1.391736,-4407.476563
-1.395806,-3743.026123
-1.399876,-3982.903809
-1.403945,-3838.247559
-1.408014,-4182.708008
-1.412084,-4236.371582
-1.416153,-3996.040527
-1.420222,-3955.580322
-1.424292,-4357.005371
-1.428361,-3724.901611
-1.432430,-3828.293701
-1.436500,-3835.781250
-1.440569,-3747.474609
-1.444638,-3860.918945
-1.448708,-3878.489014
-1.452777,-3858.822998
-1.456846,-4109.368164
-1.460916,-3999.849121
-1.464985,-3785.976807
-1.469054,-3826.423828
-1.473124,-4225.756836
-1.477194,-3844.675293
-1.481263,-4471.047852
-1.485332,-3840.333252
-1.489402,-4071.054688
-1.493471,-3699.772217
-1.497540,-4373.640137
-1.501610,-3956.499756
-1.505678,-4063.107422
-1.509748,-4136.502441
-1.513817,-4114.282715
-1.517887,-3829.913086
-1.521957,-4081.285156
-1.526026,-3648.766113
-1.530096,-3745.951904
-1.534164,-3857.436035
-1.538235,-4120.842773
-1.542303,-3873.770020
-1.546373,-4235.055176
-1.550442,-3783.152344
-1.554512,-4099.620117
-1.558580,-4209.154785
-1.562651,-4252.739258
-1.566719,-3968.666504
-1.570789,-4063.394287
-1.574858,-4228.846680
-1.578928,-4039.988770
-1.582996,-4261.476563
-1.587067,-4012.708008
-1.591135,-3933.139648
-1.595205,-3919.009766
-1.599276,-3546.688232
-1.603344,-3838.905518
-1.607414,-3831.367188
-1.611483,-3853.533203
-1.615553,-4107.240234
-1.619621,-3933.568848
-1.623692,-4082.329834
-1.627760,-4177.378906
-1.631830,-3637.571777
-1.635899,-4063.931152
-1.639969,-4404.808594
-1.644037,-4081.363037
-1.648108,-4242.062500
-1.652176,-4285.698730
-1.656246,-4155.709473
-1.660315,-4206.539551
-1.664385,-4585.596680
-1.668453,-3945.398682
-1.672523,-4050.775391
-1.676592,-4099.573242
-1.680662,-3925.488037
-1.684732,-4176.858887
-1.688801,-4009.279053
-1.692871,-3992.106934
-1.696939,-4361.430176
-1.701010,-4111.293945
-1.705078,-4111.263184
-1.709148,-4040.372314
-1.713217,-3984.753418
-1.717287,-3858.260986
-1.721355,-3887.323486
-1.725426,-4157.473633
-1.729494,-4461.646973
-1.733564,-4079.214355
-1.737633,-4191.757324
-1.741703,-3748.295166
-1.745771,-4072.474365
-1.749842,-3489.873779
-1.753910,-4261.409180
-1.757980,-4198.390137
-1.762051,-3984.404785
-1.766119,-4287.314941
-1.770189,-3923.400146
-1.774258,-3591.877930
-1.778328,-3949.516602
-1.782396,-4246.049316
-1.786467,-3975.220947
-1.790535,-3914.936279
-1.794605,-3788.831543
-1.798674,-4398.535645
-1.802744,-4202.092773
-1.806812,-4296.905273
-1.810883,-3906.223145
-1.814951,-3903.748291
-1.819021,-3868.110107
-1.823090,-4012.545166
-1.827160,-4062.767334
-1.831228,-3824.314697
-1.835299,-3825.417725
-1.839367,-4028.939453
-1.843437,-3910.457031
-1.847507,-4200.471680
-1.851576,-3922.903809
-1.855646,-3994.120605
-1.859715,-4497.130859
-1.863785,-4099.020996
-1.867853,-3748.366699
-1.871923,-3772.761963
-1.875992,-3940.703369
-1.880062,-4055.219482
-1.884130,-3793.855713
-1.888201,-3651.169189
-1.892269,-4115.802246
-1.896339,-4374.012695
-1.900408,-3900.418945
-1.904478,-3971.522949
-1.908546,-4288.348145
-1.912617,-4207.376953
-1.916685,-3854.312012
-1.920755,-4260.616211
-1.924826,-3632.834473
-1.928894,-4231.846191
-1.932964,-4339.045410
-1.937033,-3875.292236
-1.941103,-3801.751709
-1.945171,-4210.800293
-1.949242,-3782.072021
-1.953310,-3879.769775
-1.957380,-3928.565186
-1.961449,-3933.140869
-1.965519,-3763.046143
-1.969587,-4269.659668
-1.973658,-3757.748047
-1.977726,-4129.600586
-1.981796,-4128.408203
-1.985865,-4113.153320
-1.989935,-3714.332520
-1.994003,-4070.615723
-1.998074,-3904.788330
-2.002142,-3958.696777
-2.006212,-4104.963867
-2.010283,-4232.972656
-2.014351,-4211.724121
-2.018421,-4106.994141
-2.022490,-4389.778809
-2.026560,-3845.221924
-2.030628,-4371.096680
-2.034698,-3986.500977
-2.038767,-3776.133789
-2.042837,-3937.697754
-2.046906,-3868.111084
-2.050976,-4097.952148
-2.055044,-3828.444336
-2.059114,-3603.456055
-2.063183,-3924.725098
-2.067253,-4005.253906
-2.071321,-3762.906738
-2.075392,-4505.612793
-2.079460,-4222.622559
-2.083530,-3595.633545
-2.087601,-3724.980957
-2.091669,-3703.906250
-2.095739,-3798.905273
-2.099808,-3673.268066
-2.103878,-4444.266602
-2.107946,-4324.071777
-2.112017,-4150.076172
-2.116085,-4263.079590
-2.120155,-4398.324707
-2.124224,-4177.344238
-2.128294,-4294.394531
-2.132362,-4413.220703
-2.136433,-3953.947021
-2.140501,-3850.226318
-2.144571,-3871.586426
-2.148640,-3928.812012
-2.152710,-4114.734375
-2.156778,-3883.926270
-2.160849,-3825.019043
-2.164917,-4065.931885
