14.552086,-790.441589
14.548017,-528.188721
14.543947,-641.411072
14.539878,-644.804810
14.535809,-674.081726
14.531739,-661.856873
14.527670,-552.931213
14.523601,-548.668762
14.519531,-594.813538
14.515462,-642.372681
14.511393,-611.616882
14.507322,-656.583801
14.503253,-693.313660
14.499184,-575.494690
14.495114,-605.800049
14.491045,-628.915649
14.486976,-640.112122
14.482906,-564.722534
14.478837,-540.705017
14.474768,-622.518311
14.470698,-543.093201
14.466629,-443.757019
14.462560,-612.016541
14.458490,-693.648743
14.454421,-479.514465
14.450352,-728.442139
14.446282,-460.548248
14.442213,-641.160095
14.438144,-626.736938
14.434074,-613.629944
14.430005,-488.028656
14.425935,-614.767578
14.421865,-590.215942
14.417796,-686.402405
14.413727,-541.864502
14.409657,-651.882385
14.405588,-564.013184
14.401519,-598.902710
14.397449,-600.438538
14.393380,-569.979065
14.389311,-745.624695
14.385242,-539.322693
14.381172,-557.964966
14.377103,-631.806396
14.373034,-600.268188
14.368964,-625.440857
14.364895,-457.427917
14.360826,-566.345947
14.356756,-495.667938
14.352687,-559.058350
14.348618,-612.223267
14.344547,-332.073547
14.340478,-520.796509
14.336409,-719.845520
14.332339,-514.178040
14.328270,-563.768555
14.324201,-569.542175
14.320131,-592.895081
14.316062,-478.617493
14.311993,-608.222534
14.307923,-537.922913
14.303854,-569.132751
14.299785,-547.258850
14.295715,-499.097778
14.291646,-722.597961
14.287577,-593.683594
14.283507,-731.312439
14.279438,-493.228271
14.275369,-720.105469
14.271299,-426.717590
14.267229,-522.073425
14.263160,-386.845398
14.259090,-599.670715
14.255021,-595.884705
14.250952,-554.330261
14.246882,-452.697845
14.242813,-663.606262
14.238744,-557.054688
14.234674,-567.097229
14.230605,-483.453400
14.226536,-564.586060
14.222466,-665.304688
14.218397,-562.929993
14.214328,-511.434479
14.210258,-765.166382
14.206189,-663.106201
14.202120,-542.536621
14.198050,-588.413879
14.193981,-591.969177
14.189912,-616.883484
14.185843,-644.524414
14.181772,-584.297546
14.177703,-520.749817
14.173634,-596.740295
14.169564,-595.232666
14.165495,-528.264954
14.161426,-543.534668
14.157356,-499.428772
14.153287,-616.466003
14.149218,-447.104706
14.145148,-524.131104
14.141079,-594.861938
14.137010,-652.803894
14.132940,-760.532837
14.128871,-733.662231
14.124802,-583.338257
14.120732,-472.621735
14.116663,-569.623962
14.112594,-483.283508
14.108524,-602.166809
14.104455,-558.445068
14.100385,-634.837830
14.096315,-585.282227
14.092246,-572.860352
14.088177,-569.298401
14.084107,-794.978455
14.080038,-596.714111
14.075969,-562.432800
14.071899,-528.683105
14.067830,-504.955414
14.063761,-537.740295
14.059691,-621.597961
14.055622,-488.120758
14.051553,-570.684937
14.047483,-651.948425
14.043414,-591.820007
14.039345,-647.084412
14.035275,-575.784241
14.031206,-449.700592
14.027137,-567.398621
14.023067,-503.903564
14.018997,-610.221924
14.014928,-583.494812
14.010859,-644.703003
14.006789,-518.569336
14.002720,-567.239685
13.998651,-450.875610
13.994581,-596.691956
13.990512,-521.838684
13.986443,-461.231415
13.982373,-620.509949
13.978304,-624.789856
13.974235,-539.848938
13.970165,-490.652374
13.966096,-579.705139
13.962027,-678.050659
13.957957,-640.123718
13.953888,-581.388855
13.949819,-549.878113
13.945749,-625.096191
13.941679,-567.035217
13.937611,-572.299072
13.933540,-503.161957
13.929471,-549.395325
13.925402,-625.666382
13.921332,-573.646912
13.917263,-623.122498
13.913194,-566.494080
13.909124,-546.780579
13.905055,-519.562317
13.900986,-730.084229
13.896916,-560.410828
13.892847,-657.416931
13.888778,-600.697876
13.884708,-615.597778
13.880639,-575.458496
13.876570,-535.273987
13.872500,-554.525879
13.868431,-563.290100
13.864362,-555.749939
13.860292,-463.366089
13.856222,-570.561768
13.852153,-617.284058
13.848083,-555.414307
13.844014,-565.226746
13.839945,-663.389526
13.835876,-662.746704
13.831806,-599.022095
13.827737,-572.221130
13.823668,-550.804565
13.819598,-608.981262
13.815529,-762.737976
13.811460,-643.936707
13.807390,-726.566833
13.803321,-657.597717
13.799252,-425.350922
13.795182,-507.577087
13.791113,-625.884827
13.787044,-453.695282
13.782974,-629.722534
13.778905,-680.159180
13.774836,-524.307739
13.770765,-603.632935
13.766696,-574.753601
13.762627,-700.925049
13.758557,-507.110748
13.754488,-609.616821
13.750419,-666.828308
13.746349,-533.597229
13.742280,-711.539429
13.738211,-632.386230
13.734141,-579.999878
13.730072,-596.150513
13.726003,-626.321777
13.721933,-716.050537
13.717864,-481.923248
13.713795,-631.223694
13.709725,-617.883545
13.705656,-528.600952
13.701587,-509.210358
13.697517,-519.749634
13.693447,-642.313660
13.689378,-708.839966
13.685308,-640.757874
13.681239,-676.910522
13.677170,-580.693176
13.673100,-608.919067
13.669031,-580.852295
13.664962,-578.056641
13.660892,-566.903320
13.656823,-583.640808
13.652754,-663.116211
13.648685,-417.224609
13.644615,-482.088654
13.640546,-640.127625
13.636477,-671.053711
13.632407,-679.163635
13.628338,-526.646667
13.624269,-744.616089
13.620199,-643.591125
13.616130,-715.972290
13.612061,-563.997375
13.607990,-490.326874
13.603921,-559.753357
13.599852,-624.580078
13.595782,-634.008484
13.591713,-520.005737
13.587644,-704.150818
13.583574,-573.034363
13.579505,-589.292358
13.575436,-588.466675
13.571366,-555.926147
13.567297,-642.939087
13.563228,-577.541321
13.559158,-701.016113
13.555089,-535.234009
13.551020,-544.872803
13.546950,-622.195374
13.542881,-615.277039
13.538812,-685.038330
13.534742,-519.410522
13.530672,-591.257690
13.526604,-624.484253
13.522533,-665.441650
13.518464,-561.869751
13.514395,-543.972839
13.510325,-570.336121
13.506256,-585.010254
13.502187,-659.410645
13.498117,-697.099548
13.494048,-724.784058
13.489979,-645.954712
13.485909,-440.498749
13.481840,-565.924805
13.477771,-574.194397
13.473701,-489.831909
13.469632,-563.547363
13.465563,-620.335022
13.461493,-617.688110
13.457424,-645.474487
13.453354,-583.235901
13.449286,-563.597473
13.445215,-694.593079
13.441146,-520.837463
13.437077,-607.788696
13.433007,-615.519592
13.428938,-591.760376
13.424869,-626.259705
13.420799,-662.048340
13.416730,-596.395996
13.412661,-646.396423
13.408591,-624.175049
13.404522,-629.726379
13.400453,-471.903442
13.396383,-548.904419
13.392314,-548.720642
13.388245,-629.655273
13.384175,-716.655823
13.380106,-486.798981
13.376037,-564.653809
13.371967,-590.903564
13.367897,-675.435059
13.363829,-602.012634
13.359758,-597.263733
13.355689,-517.577393
13.351620,-638.022827
13.347550,-601.498474
13.343481,-553.306824
13.339412,-532.436646
13.335342,-572.467590
13.331273,-633.362427
13.327204,-602.345520
13.323134,-554.308350
13.319065,-411.224304
13.314996,-705.693542
13.310926,-699.703430
13.306857,-624.278809
13.302788,-717.281250
13.298718,-526.477417
13.294649,-591.598450
13.290579,-530.871033
13.286510,-705.970337
13.282440,-795.464478
13.278371,-617.105286
13.274302,-464.669189
13.270232,-642.780212
13.266163,-574.914124
13.262094,-657.090942
13.258024,-563.177246
13.253955,-582.216736
13.249886,-544.978638
13.245816,-574.602539
13.241747,-694.027710
13.237678,-575.306213
13.233608,-655.389771
13.229539,-573.346130
13.225470,-575.015564
13.221400,-604.788940
13.217331,-589.474243
13.213262,-640.357605
13.209192,-550.012695
13.205122,-604.248108
13.201054,-538.556396
13.196983,-646.403137
13.192914,-612.352112
13.188845,-691.986145
13.184775,-597.327393
13.180706,-615.740967
13.176637,-621.895447
13.172567,-601.727783
13.168498,-636.279114
13.164429,-470.961090
13.160359,-582.114929
13.156290,-661.803040
13.152221,-574.257751
13.148151,-654.419128
13.144082,-618.656921
13.140013,-569.704956
13.135943,-568.706604
13.131874,-646.503174
13.127805,-609.052368
13.123735,-626.139648
13.119665,-641.564148
13.115596,-723.611511
13.111526,-673.576416
13.107457,-593.360474
13.103388,-499.143738
13.099319,-687.157227
13.095249,-479.472595
13.091180,-554.596252
13.087111,-676.604858
13.083041,-610.858643
13.078972,-562.087952
13.074903,-665.796509
13.070833,-562.680176
13.066764,-692.595215
13.062695,-794.071045
13.058625,-486.108063
13.054556,-695.810791
13.050487,-670.961365
13.046417,-675.515991
13.042347,-575.023010
13.038279,-553.243225
13.034208,-631.204468
13.030139,-559.786743
13.026070,-399.149933
13.022000,-583.535339
13.017931,-607.617004
13.013862,-585.179321
13.009792,-586.727905
13.005723,-578.487671
13.001654,-674.133240
12.997584,-677.777344
12.993515,-501.542908
12.989446,-643.977417
12.985376,-500.902374
12.981307,-633.947083
12.977238,-703.478210
12.973168,-563.774292
12.969099,-602.755920
12.965030,-556.932068
12.960960,-522.326233
12.956890,-549.505676
12.952821,-698.825500
12.948751,-579.534973
12.944682,-596.569580
12.940613,-663.575134
12.936543,-546.117371
12.932474,-565.297729
12.928405,-427.677551
12.924335,-623.222107
12.920266,-572.703918
12.916197,-572.132751
12.912127,-476.373962
12.908058,-658.805054
12.903989,-713.625244
12.899920,-553.301880
12.895850,-508.756622
12.891781,-549.528870
12.887712,-589.429260
12.883642,-470.420349
12.879572,-604.640076
12.875504,-467.628143
12.871433,-638.292542
12.867364,-699.903198
12.863295,-560.255615
12.859225,-532.039795
12.855156,-677.048279
12.851087,-440.131195
12.847017,-726.014099
12.842948,-537.050415
12.838879,-578.206726
12.834809,-559.530823
12.830740,-665.531372
12.826671,-622.853760
12.822601,-536.944946
12.818532,-629.038879
12.814463,-525.847595
12.810393,-492.342682
12.806324,-485.446198
12.802255,-648.619263
12.798185,-652.278015
12.794115,-666.382324
12.790046,-621.574402
12.785976,-642.313110
12.781907,-663.431335
12.777838,-567.118774
12.773768,-714.736694
12.769699,-423.494659
12.765630,-704.238037
12.761560,-655.033936
12.757491,-603.029053
12.753422,-607.280945
12.749352,-695.242676
12.745283,-660.411743
12.741214,-581.046936
12.737144,-650.399048
12.733075,-540.124573
12.729006,-626.891296
12.724936,-535.195618
12.720867,-638.233704
12.716797,-565.989990
12.712729,-736.419739
12.708658,-498.242065
12.704589,-780.590576
12.700520,-736.849426
12.696450,-630.725464
12.692381,-658.333984
12.688312,-570.581360
12.684242,-658.642944
12.680173,-606.063477
12.676104,-537.262024
12.672034,-588.451172
12.667965,-646.975830
12.663896,-657.715759
12.659826,-650.032654
12.655757,-642.255859
12.651688,-529.648438
12.647618,-700.392151
12.643549,-516.138367
12.639480,-661.468506
12.635410,-525.221252
12.631340,-609.273865
12.627272,-672.126648
12.623201,-692.946777
12.619132,-725.318665
12.615063,-645.664978
12.610993,-634.395020
12.606924,-543.702942
12.602855,-714.101196
12.598785,-562.424805
12.594716,-672.106323
12.590647,-560.569702
12.586577,-607.895691
12.582508,-665.053711
12.578439,-682.817810
12.574369,-609.398926
12.570300,-660.998108
12.566231,-693.579651
12.562161,-609.812866
12.558092,-663.561768
12.554022,-656.800354
12.549953,-549.285461
12.545883,-608.434937
12.541815,-709.791931
12.537745,-723.407288
12.533675,-546.326599
12.529606,-661.308655
12.525537,-637.574097
12.521467,-766.482727
12.517398,-642.048401
12.513329,-627.517639
12.509259,-620.805725
12.505190,-479.092377
12.501121,-482.880676
12.497051,-651.694092
12.492982,-716.814514
12.488913,-652.607239
12.484843,-581.410645
12.480774,-602.151855
12.476704,-576.228271
12.472635,-581.007080
12.468565,-675.833313
12.464497,-678.285767
12.460426,-512.102661
12.456357,-579.799744
12.452288,-621.290405
12.448218,-513.257446
12.444149,-728.747681
12.440080,-637.368042
12.436010,-810.917114
12.431941,-764.560547
12.427872,-703.466553
12.423802,-707.248047
12.419733,-587.536560
12.415664,-652.757080
12.411594,-730.708984
12.407525,-674.625671
12.403456,-621.338196
12.399386,-541.574585
12.395317,-563.290527
12.391247,-528.765747
12.387178,-626.841675
12.383108,-721.963196
12.379040,-611.308228
12.374969,-675.046814
12.370900,-662.957825
12.366831,-608.090332
12.362761,-798.522522
12.358692,-655.636475
12.354623,-708.574585
12.350554,-641.451904
12.346484,-607.399353
12.342415,-755.876465
12.338346,-666.642090
12.334276,-762.011658
12.330207,-722.096008
12.326138,-751.751709
12.322068,-576.706482
12.317999,-740.555786
12.313929,-644.147705
12.309860,-610.991882
12.305790,-667.052429
12.301722,-721.042053
12.297651,-595.691956
12.293582,-643.871094
12.289513,-567.050110
12.285443,-675.450012
12.281374,-534.415039
12.277305,-605.651855
12.273235,-700.756836
12.269166,-744.968506
12.265097,-563.572876
12.261027,-562.463074
12.256958,-732.408142
12.252889,-679.023193
12.248819,-820.204407
12.244750,-693.007324
12.240681,-625.207520
12.236611,-626.717102
12.232542,-622.459473
12.228472,-692.103943
12.224403,-583.305786
12.220333,-699.874939
12.216265,-541.354736
12.212194,-577.289551
12.208125,-539.976563
12.204056,-539.831177
12.199986,-594.742371
12.195917,-641.926636
12.191848,-470.306366
12.187778,-500.967133
12.183709,-378.759918
12.179640,-308.410828
12.175570,-541.204163
12.171501,-451.527313
12.167432,-329.785065
12.163363,-301.315002
12.159293,-87.831810
12.155224,-114.405167
12.151154,-158.504593
12.147085,61.125591
12.143015,126.326607
12.138947,408.443359
12.134876,424.920349
12.130807,607.457397
12.126738,841.073425
12.122668,865.684998
12.118599,983.953735
12.114530,1125.251343
12.110460,1012.681396
12.106391,684.827637
12.102322,686.934570
12.098252,349.885864
12.094183,28.195503
12.090114,10.249437
12.086044,-239.202972
12.081975,-427.893494
12.077906,-528.902893
12.073836,-532.932800
12.069767,-420.058533
12.065697,-496.970703
12.061628,-471.820679
12.057558,-574.951965
12.053490,-515.049927
12.049419,-581.136902
12.045350,-546.455078
12.041281,-592.335388
12.037211,-432.832184
12.033142,-508.286041
12.029073,-523.644348
12.025003,-663.068787
12.020934,-732.087036
12.016865,-660.153137
12.012795,-619.196106
12.008726,-581.206726
12.004657,-664.784180
12.000587,-696.459351
11.996518,-570.509216
11.992449,-557.993469
11.988379,-772.258362
11.984310,-622.620300
11.980240,-524.295959
11.976171,-711.725159
11.972101,-612.025513
11.968032,-585.972412
11.963963,-607.975952
11.959893,-571.398804
11.955824,-550.125061
11.951755,-603.217041
11.947685,-648.608948
11.943616,-540.433777
11.939547,-508.065247
11.935477,-519.682800
11.931408,-558.663574
11.927339,-478.061584
11.923269,-624.433350
11.919200,-417.476135
11.915131,-669.192810
11.911061,-573.018860
11.906992,-623.827087
11.902922,-574.780640
11.898853,-669.235413
11.894783,-576.027283
11.890715,-698.613159
11.886644,-657.678589
11.882575,-610.366394
11.878506,-713.153076
11.874436,-729.503845
11.870367,-606.993469
11.866298,-587.391663
11.862228,-610.037720
11.858159,-657.570068
11.854090,-409.897522
11.850020,-611.332214
11.845951,-592.396851
11.841882,-523.148743
11.837812,-594.108826
11.833743,-801.516113
11.829674,-597.818359
11.825604,-513.819397
11.821535,-655.050415
11.817465,-578.669617
11.813396,-615.678955
11.809326,-786.638733
11.805258,-625.460632
11.801188,-579.817383
11.797118,-628.586426
11.793049,-520.985413
11.788980,-667.517517
11.784910,-563.956604
11.780841,-743.086731
11.776772,-589.477051
11.772702,-632.790955
11.768633,-701.852234
11.764564,-689.837219
11.760494,-692.263916
11.756425,-602.660461
11.752356,-489.823700
11.748286,-651.149902
11.744217,-603.714844
11.740147,-574.163757
11.736078,-528.476685
11.732008,-519.752563
11.727940,-671.244690
11.723869,-608.076599
11.719800,-558.322693
11.715731,-617.534119
11.711661,-549.866882
11.707592,-625.304749
11.703523,-642.829102
11.699453,-727.860657
11.695384,-553.674072
11.691315,-550.857666
11.687245,-542.081299
11.683176,-676.738281
11.679107,-643.197449
11.675037,-532.040955
11.670968,-527.237061
11.666899,-515.606506
11.662829,-561.292542
11.658760,-749.456848
11.654690,-646.886108
11.650621,-659.670166
11.646551,-491.356598
11.642483,-481.275146
11.638412,-648.720398
11.634343,-593.453430
11.630274,-552.360779
11.626204,-590.727539
11.622135,-558.813232
11.618066,-687.809448
11.613997,-726.148315
11.609927,-573.913330
11.605858,-672.974609
11.601789,-632.633301
11.597719,-620.970886
11.593650,-541.507385
11.589581,-691.864624
11.585511,-581.460144
11.581442,-568.314697
11.577372,-658.812500
11.573303,-534.905396
11.569233,-746.159668
11.565165,-555.921814
11.561094,-629.549316
11.557025,-676.019104
11.552956,-681.302979
11.548886,-561.618896
11.544817,-605.766541
11.540748,-534.229858
11.536678,-518.187805
11.532609,-681.743164
11.528540,-744.619690
11.524470,-655.458313
11.520401,-518.782593
11.516332,-602.677917
11.512262,-614.077148
11.508193,-650.702515
11.504124,-540.308105
11.500054,-587.662720
11.495985,-719.429077
11.491915,-619.322754
11.487846,-482.388245
11.483776,-517.816589
11.479708,-607.049255
11.475637,-659.598877
11.471568,-572.514648
11.467499,-639.234924
11.463429,-627.562805
11.459360,-605.446655
11.455291,-690.849548
11.451221,-706.509460
11.447152,-547.315308
11.443083,-647.524841
11.439013,-517.007141
11.434944,-825.576355
11.430875,-611.970032
11.426805,-646.622559
11.422736,-585.797913
11.418667,-612.542603
11.414597,-572.635254
11.410528,-766.037354
11.406458,-677.024048
11.402390,-437.031616
11.398319,-602.264954
11.394250,-632.066956
11.390181,-453.495819
11.386111,-609.343201
11.382042,-701.008972
11.377973,-593.410706
11.373903,-547.009033
11.369834,-641.332642
11.365765,-583.015686
11.361695,-550.491333
11.357626,-584.677063
11.353557,-632.211121
11.349487,-746.806335
11.345418,-622.514404
11.341349,-551.786804
11.337279,-679.192261
11.333210,-666.562317
11.329140,-690.677368
11.325071,-651.368042
11.321001,-603.991516
11.316933,-720.789978
11.312862,-557.060547
11.308793,-588.899902
11.304724,-646.726990
11.300654,-619.611755
11.296585,-602.720764
11.292516,-584.506104
11.288446,-554.707275
11.284377,-621.887024
11.280308,-677.545593
11.276238,-617.374268
11.272169,-677.398315
11.268100,-631.794250
11.264030,-527.227905
11.259961,-639.005554
11.255892,-736.293396
11.251822,-760.278137
11.247753,-659.115723
11.243683,-754.329285
11.239614,-689.775146
11.235544,-648.199951
11.231475,-769.035645
11.227406,-747.680908
11.223336,-683.184021
11.219267,-738.304077
11.215198,-591.553345
11.211128,-691.718323
11.207059,-640.753113
11.202990,-506.960602
11.198920,-581.398743
11.194851,-658.833191
11.190782,-558.676086
11.186712,-574.039795
11.182643,-510.138855
11.178574,-676.927673
11.174504,-543.593567
11.170435,-574.218811
11.166365,-704.341675
11.162296,-566.425903
11.158226,-849.963074
11.154158,-718.263794
11.150087,-859.982788
11.146018,-699.897095
11.141949,-615.684814
11.137879,-732.173096
11.133810,-683.004272
11.129741,-716.731628
11.125671,-760.509827
11.121602,-645.749817
11.117533,-718.041931
11.113463,-634.375671
11.109394,-690.658447
11.105325,-750.211060
11.101255,-591.372131
11.097186,-836.870056
11.093117,-613.399109
11.089046,-641.929443
11.084978,-769.530396
11.080908,-696.388855
11.076839,-687.165527
11.072769,-593.304749
11.068700,-695.293152
11.064631,-612.491760
11.060561,-649.001587
11.056492,-675.482117
11.052423,-624.932495
11.048353,-624.343079
11.044284,-572.111511
11.040215,-641.473999
11.036145,-682.908997
11.032076,-641.749634
11.028007,-748.123779
11.023937,-844.152527
11.019868,-716.484558
11.015799,-591.580139
11.011729,-614.759460
11.007660,-552.379089
11.003590,-677.213074
10.999521,-616.606079
10.995451,-681.781799
10.991383,-720.167969
10.987312,-649.397644
10.983243,-601.702271
10.979174,-578.316345
10.975104,-748.585510
10.971035,-671.138123
10.966966,-662.935181
10.962896,-648.975342
10.958827,-597.770508
10.954758,-539.565247
10.950688,-742.215088
10.946619,-569.423767
10.942550,-628.300659
10.938480,-690.301086
10.934411,-580.001709
10.930342,-632.500549
10.926271,-693.320129
10.922203,-636.701721
10.918133,-622.428040
10.914064,-721.661011
10.909994,-608.330078
10.905926,-618.114014
10.901855,-535.084595
10.897786,-566.382507
10.893717,-703.341125
10.889647,-638.356079
10.885578,-576.440674
10.881509,-614.857422
10.877439,-592.581787
10.873370,-533.715271
10.869301,-735.481567
10.865232,-643.016907
10.861162,-710.879944
10.857093,-675.455750
10.853024,-512.030701
10.848954,-579.037476
10.844885,-617.319763
10.840815,-541.069763
10.836746,-692.638794
10.832676,-619.672424
10.828608,-568.523743
10.824537,-684.673462
10.820468,-651.476746
10.816399,-643.953430
10.812329,-536.370117
10.808260,-701.549622
10.804191,-474.955170
10.800121,-552.644775
10.796052,-639.837830
10.791983,-588.556458
10.787913,-548.552490
10.783844,-674.719482
10.779775,-592.375610
10.775705,-519.260437
10.771636,-604.737427
10.767567,-657.767456
10.763497,-562.648682
10.759428,-609.098633
10.755358,-694.814270
10.751289,-622.119690
10.747219,-686.555237
10.743151,-603.303406
10.739080,-541.350891
10.735011,-673.558960
10.730942,-573.352661
10.726872,-601.186035
10.722803,-689.663330
10.718734,-669.953796
10.714664,-679.301331
10.710595,-675.095642
10.706526,-598.477661
10.702456,-701.336975
10.698387,-531.671387
10.694318,-625.509399
10.690248,-589.984924
10.686179,-658.185059
10.682110,-641.902161
10.678040,-674.809326
10.673971,-656.200012
10.669901,-557.844666
10.665833,-597.830627
10.661762,-669.303772
10.657693,-564.112671
10.653624,-499.284760
10.649554,-663.321472
10.645485,-559.877136
10.641416,-652.192139
10.637346,-676.349731
10.633277,-567.478821
10.629208,-651.509338
10.625138,-639.329651
10.621069,-484.867676
10.617000,-593.859985
10.612930,-778.556030
10.608861,-555.099731
10.604792,-746.386047
10.600722,-627.438477
10.596653,-590.064148
10.592583,-632.018921
10.588514,-544.669495
10.584444,-617.463928
10.580376,-661.656189
10.576305,-538.937134
10.572236,-630.532593
10.568167,-574.710449
10.564097,-601.982788
10.560028,-577.345642
10.555959,-715.132080
10.551889,-609.125916
10.547820,-582.781067
10.543751,-645.451233
10.539681,-391.378174
10.535612,-765.567078
10.531543,-695.112061
10.527473,-664.989380
10.523403,-682.755981
10.519335,-685.959351
10.515265,-435.237549
10.511196,-572.930969
10.507126,-688.836060
10.503057,-574.103333
10.498987,-637.177612
10.494919,-866.200195
10.490849,-627.567871
10.486779,-606.148804
10.482710,-579.931274
10.478641,-598.533752
10.474571,-614.345520
10.470502,-664.651001
10.466433,-623.851440
10.462363,-647.182434
10.458294,-562.572388
10.454225,-573.873840
10.450155,-609.500671
10.446085,-732.728638
10.442017,-758.295776
10.437946,-756.521667
10.433878,-690.561584
10.429808,-715.332642
10.425739,-650.469910
10.421669,-617.218506
10.417601,-666.885498
10.413530,-514.717224
10.409462,-639.262695
10.405392,-721.327942
10.401322,-479.130554
10.397253,-547.689819
10.393184,-702.412964
10.389114,-607.294495
10.385045,-618.557129
10.380976,-499.319885
10.376906,-723.658203
10.372837,-686.854187
10.368768,-641.176819
10.364698,-590.961548
10.360628,-608.555969
10.356560,-671.603699
10.352489,-663.178101
10.348421,-770.495056
10.344351,-617.717224
10.340282,-719.823792
10.336212,-695.108826
10.332144,-631.046204
10.328074,-537.488525
10.324005,-626.328735
10.319935,-683.598694
10.315866,-625.397766
10.311796,-382.198486
10.307727,-630.163635
10.303658,-558.646667
10.299588,-697.595520
10.295519,-621.251282
10.291450,-521.907349
10.287380,-642.517578
10.283311,-709.835510
10.279242,-637.175598
10.275171,-619.656372
10.271103,-710.524170
10.267033,-799.524109
10.262964,-718.182861
10.258894,-713.340088
10.254826,-593.351868
10.250755,-657.949646
10.246687,-707.251648
10.242617,-735.135132
10.238547,-661.991089
10.234478,-649.521729
10.230409,-699.942505
10.226339,-663.793823
10.222270,-728.346008
10.218201,-486.897247
10.214131,-625.699768
10.210062,-716.292542
10.205993,-582.317139
10.201923,-632.124329
10.197853,-581.732117
10.193785,-598.977600
10.189714,-572.881897
10.185646,-587.175354
10.181576,-645.937378
10.177507,-698.788452
10.173437,-762.702209
10.169369,-911.388977
10.165298,-755.122192
10.161230,-747.453674
10.157160,-835.156067
10.153090,-633.482544
10.149021,-815.983826
10.144952,-770.227539
10.140882,-755.145630
10.136813,-781.399475
10.132744,-685.279480
10.128675,-625.013306
10.124605,-837.486633
10.120536,-621.268738
10.116467,-577.350647
10.112396,-686.992371
10.108328,-645.594055
10.104258,-745.545776
10.100189,-682.081970
10.096119,-601.095642
10.092051,-622.091553
10.087980,-644.361145
10.083912,-614.819885
10.079842,-633.289978
10.075772,-614.120605
10.071703,-617.329956
10.067634,-684.173218
10.063564,-640.497803
10.059495,-673.159607
10.055426,-594.581299
10.051356,-602.138733
10.047287,-575.812195
10.043218,-542.149719
10.039148,-742.162598
10.035078,-607.511780
10.031010,-560.519287
10.026939,-643.153015
10.022871,-598.620300
10.018801,-678.736938
10.014732,-749.535889
10.010662,-647.995117
10.006594,-617.224182
10.002523,-634.175903
9.998455,-709.026184
9.994385,-551.974548
9.990315,-632.789612
9.986246,-874.811035
9.982177,-629.235535
9.978107,-546.966553
9.974038,-748.529724
9.969969,-682.911133
9.965899,-546.413696
9.961830,-620.837280
9.957761,-660.379822
9.953691,-649.555603
9.949621,-650.941467
9.945553,-595.487366
9.941483,-660.224609
9.937414,-728.064148
9.933344,-615.791931
9.929276,-611.761292
9.925205,-596.339722
9.921137,-598.153992
9.917067,-704.149353
9.912997,-728.988831
9.908928,-671.181946
9.904859,-617.371826
9.900789,-571.779602
9.896720,-482.407623
9.892651,-721.769531
9.888581,-641.859680
9.884512,-713.598022
9.880443,-718.711304
9.876373,-660.947021
9.872303,-657.306702
9.868235,-829.381348
9.864164,-619.088257
9.860096,-714.762573
9.856026,-592.962463
9.851957,-621.004211
9.847887,-629.475159
9.843819,-543.805054
9.839748,-627.440613
9.835680,-634.521851
9.831610,-605.259399
9.827540,-573.704102
9.823471,-680.216431
9.819402,-591.494568
9.815332,-495.724335
9.811263,-665.896912
9.807194,-747.890625
9.803124,-599.221069
9.799055,-639.568787
9.794986,-587.427490
9.790916,-635.620667
9.786846,-750.148560
9.782778,-672.966980
9.778708,-642.520447
9.774639,-620.312805
9.770569,-532.769409
9.766500,-582.750977
9.762430,-574.518799
9.758362,-599.158508
9.754292,-690.775391
9.750222,-676.907959
9.746153,-698.509766
9.742084,-593.389404
9.738014,-555.295593
9.733945,-705.623291
9.729876,-718.034302
9.725806,-675.913574
9.721737,-581.161621
9.717668,-563.692261
9.713598,-579.305664
9.709528,-632.343384
9.705460,-646.003418
9.701389,-588.017151
9.697321,-668.082336
9.693251,-620.153809
9.689182,-572.457214
9.685112,-565.226135
9.681044,-570.192139
9.676973,-486.125122
9.672905,-586.107056
9.668835,-661.934753
9.664765,-635.780212
9.660696,-626.002930
9.656627,-605.347046
9.652557,-640.558838
9.648488,-680.388489
9.644419,-633.828613
9.640349,-752.507507
9.636280,-596.823425
9.632211,-633.694702
9.628141,-596.663452
9.624071,-678.105042
9.620003,-674.586670
9.615932,-690.892578
9.611864,-846.206787
9.607794,-740.591003
9.603725,-749.935608
9.599655,-637.430786
9.595587,-719.069824
9.591516,-619.209351
9.587447,-631.607605
9.583378,-639.539551
9.579309,-653.894775
9.575239,-777.070984
9.571170,-660.843140
9.567101,-737.355164
9.563031,-547.535522
9.558962,-678.677368
9.554893,-716.808594
9.550823,-542.173218
9.546753,-553.049500
9.542685,-625.313416
9.538614,-594.764099
9.534546,-631.356812
9.530476,-659.752686
9.526407,-761.254211
9.522337,-634.202271
9.518269,-592.409241
9.514198,-698.403259
9.510130,-702.585449
9.506060,-712.197266
9.501990,-505.868774
9.497921,-678.861389
9.493852,-677.012146
9.489782,-637.928955
9.485713,-655.096008
9.481644,-580.496033
9.477574,-615.407104
9.473505,-548.982056
9.469436,-518.753967
9.465366,-611.014404
9.461296,-537.347290
9.457228,-644.063477
9.453157,-642.783264
9.449089,-426.885498
9.445019,-630.284973
9.440950,-625.057007
9.436880,-663.561646
9.432812,-562.350220
9.428741,-563.137329
9.424672,-634.400818
9.420603,-701.524963
9.416533,-654.398743
9.412464,-776.747070
9.408395,-715.868835
9.404325,-695.219055
9.400256,-470.503296
9.396187,-538.911804
9.392118,-671.346008
9.388048,-604.055481
9.383978,-700.873474
9.379910,-657.325317
9.375839,-547.267761
9.371771,-621.148926
9.367701,-741.595886
9.363632,-604.885559
9.359562,-546.474060
9.355494,-584.556885
9.351423,-744.058472
9.347355,-752.285767
9.343285,-620.895996
9.339215,-539.043701
9.335146,-643.257141
9.331077,-603.466736
9.327007,-666.355408
9.322938,-663.638184
9.318869,-718.757446
9.314799,-756.560486
9.310730,-744.432617
9.306661,-524.404480
9.302591,-565.719788
9.298521,-656.909546
9.294453,-574.848267
9.290382,-659.297302
9.286314,-718.134705
9.282244,-550.628113
9.278175,-516.687378
9.274105,-682.748779
9.270037,-612.799805
9.265966,-650.909546
9.261898,-597.326660
9.257828,-719.640991
9.253758,-669.256775
9.249689,-591.074463
9.245620,-744.442505
9.241550,-608.549377
9.237481,-694.750488
9.233412,-593.589539
9.229342,-657.071960
9.225273,-622.143188
9.221204,-733.362427
9.217134,-601.428589
9.213064,-576.433899
9.208996,-566.440369
9.204926,-695.220459
9.200857,-629.057983
9.196787,-660.702576
9.192719,-531.262573
9.188648,-643.158875
9.184580,-667.119751
9.180510,-843.858398
9.176440,-605.281860
9.172371,-665.109802
9.168302,-658.021545
9.164232,-571.492371
9.160163,-773.746216
9.156094,-678.101807
9.152024,-678.237122
9.147955,-564.942749
9.143886,-646.263428
9.139816,-626.496094
9.135746,-658.977844
9.131678,-694.799805
9.127607,-577.861450
9.123539,-661.410095
9.119469,-587.527100
9.115400,-564.164429
9.111330,-674.626770
9.107262,-486.520538
9.103191,-698.815674
9.099123,-614.172241
9.095053,-604.882507
9.090983,-689.399841
9.086914,-500.182648
9.082845,-633.767151
9.078775,-698.215515
9.074706,-662.526123
9.070637,-644.088318
9.066567,-669.473816
9.062498,-686.845398
9.058429,-621.110535
9.054359,-567.627991
9.050289,-631.137024
9.046221,-611.534668
9.042150,-583.217529
9.038082,-533.663818
9.034012,-520.447876
9.029943,-545.272339
9.025873,-652.517883
9.021805,-747.539795
9.017735,-480.360413
9.013665,-679.997192
9.009596,-604.218323
9.005527,-758.992126
9.001457,-626.791870
8.997388,-689.849121
8.993319,-560.451721
8.989249,-655.894592
8.985180,-754.243591
8.981111,-868.923645
8.977041,-637.688782
8.972971,-741.187866
8.968903,-773.073730
8.964832,-703.834656
8.960764,-763.434753
8.956694,-710.473145
8.952625,-708.577454
8.948555,-621.353027
8.944487,-600.618286
8.940416,-841.059265
8.936348,-701.805908
8.932278,-878.361633
8.928208,-754.448303
8.924139,-729.202637
8.920070,-626.078674
8.916000,-687.370544
8.911931,-676.156738
8.907862,-678.963135
8.903792,-628.790344
8.899723,-608.397766
8.895654,-666.501282
8.891584,-657.016357
8.887514,-652.037598
8.883446,-717.355957
8.879375,-663.737732
8.875307,-739.209167
8.871237,-642.717529
8.867168,-585.978271
8.863098,-616.735291
8.859030,-601.109680
8.854959,-778.419861
8.850890,-746.474976
8.846821,-652.410156
8.842752,-726.760864
8.838682,-565.854248
8.834613,-539.106262
8.830544,-548.602478
8.826474,-622.740295
8.822405,-619.598633
8.818336,-650.681335
8.814266,-593.026855
8.810196,-806.476563
8.806128,-560.297546
8.802057,-693.954163
8.797989,-555.581726
8.793919,-592.360535
8.789850,-590.251465
8.785780,-499.637573
8.781712,-621.592834
8.777641,-604.092957
8.773573,-676.897339
8.769503,-773.246460
8.765433,-733.611267
8.761364,-693.803650
8.757295,-589.393799
8.753225,-611.001221
8.749156,-695.152649
8.745087,-737.209167
8.741017,-590.651367
8.736948,-659.804688
8.732879,-656.133057
8.728809,-575.124573
8.724739,-685.956055
8.720671,-577.876892
8.716600,-664.895264
8.712532,-562.664063
8.708462,-651.574097
8.704393,-650.886353
8.700323,-643.637451
8.696255,-728.565857
8.692184,-624.944885
8.688115,-521.674377
8.684046,-631.389343
8.679976,-627.297241
8.675907,-607.110413
8.671838,-555.511169
8.667768,-590.698425
8.663699,-561.696289
8.659630,-684.318665
8.655560,-496.629852
8.651491,-654.473999
8.647421,-534.917114
8.643353,-601.571228
8.639282,-838.928772
8.635214,-587.159302
8.631144,-550.319275
8.627075,-571.987061
8.623005,-565.473694
8.618937,-620.538940
8.614866,-735.733337
8.610798,-505.746613
8.606728,-639.516235
8.602658,-708.389709
8.598589,-628.767761
8.594520,-735.054565
8.590450,-638.747925
8.586381,-696.010498
8.582312,-660.301270
8.578242,-616.565063
8.574173,-601.123169
8.570104,-581.070190
8.566034,-708.948425
8.561964,-736.002197
8.557896,-608.754578
8.553825,-730.257385
8.549757,-558.424561
8.545687,-628.466003
8.541618,-749.744080
8.537548,-657.479309
8.533480,-704.553345
8.529409,-573.196838
8.525340,-634.941345
8.521271,-679.656372
8.517201,-619.453613
8.513132,-619.613464
8.509063,-598.722290
8.504993,-575.978210
8.500924,-647.048401
8.496855,-716.733459
8.492785,-727.846497
8.488716,-603.274170
8.484646,-696.369690
8.480577,-491.675354
8.476507,-561.775940
8.472439,-647.144348
8.468369,-599.782837
8.464300,-580.872253
8.460230,-644.406860
8.456161,-530.110474
8.452091,-697.213928
8.448023,-650.542542
8.443953,-545.497803
8.439883,-479.769104
8.435814,-595.780273
8.431745,-653.377075
8.427675,-720.526855
8.423606,-637.852844
8.419537,-605.816772
8.415467,-720.034851
8.411398,-658.801575
8.407329,-579.476074
8.403259,-690.650574
8.399189,-654.240173
8.395121,-616.423645
8.391050,-589.284424
8.386982,-646.438049
8.382912,-685.580750
8.378843,-565.436523
8.374773,-739.357788
8.370705,-696.097534
8.366634,-527.966614
8.362565,-601.908081
8.358496,-655.894409
8.354426,-617.222107
8.350357,-584.159119
8.346288,-572.161987
8.342218,-617.516052
8.338149,-592.340454
8.334080,-532.781982
8.330010,-588.815002
8.325941,-692.898438
8.321871,-682.807800
8.317802,-732.315613
8.313732,-726.762329
8.309664,-524.012817
8.305593,-780.859070
8.301525,-689.268311
8.297455,-735.069641
8.293386,-682.352234
8.289316,-750.046143
8.285248,-807.536255
8.281178,-735.863220
8.277108,-818.675049
8.273039,-601.123962
8.268970,-573.854797
8.264900,-759.430176
8.260831,-635.784241
8.256762,-677.638916
8.252692,-720.768982
8.248623,-666.151978
8.244554,-733.685791
8.240484,-605.584351
8.236414,-715.313599
8.232346,-581.855774
8.228275,-562.891235
8.224207,-646.589661
8.220137,-484.513031
8.216068,-865.309021
8.211998,-667.739136
8.207930,-731.164917
8.203859,-557.764771
8.199791,-761.055176
8.195721,-680.426025
8.191651,-596.248901
8.187582,-617.520630
8.183513,-500.826019
8.179443,-672.319153
8.175374,-718.160706
8.171305,-719.319031
8.167235,-675.680542
8.163166,-620.969482
8.159097,-691.244629
8.155027,-743.579956
8.150957,-588.882446
8.146889,-750.083374
8.142818,-552.558960
8.138750,-584.829468
8.134680,-594.630188
8.130611,-677.680725
8.126541,-618.616455
8.122473,-576.335388
8.118402,-698.694885
8.114333,-678.675476
8.110264,-654.940430
8.106194,-605.469360
8.102125,-592.824524
8.098056,-799.814575
8.093987,-705.588074
8.089917,-694.342651
8.085848,-676.626465
8.081779,-556.287354
8.077709,-683.043579
8.073639,-642.438965
8.069571,-762.134766
8.065500,-663.118530
8.061432,-456.107880
8.057362,-664.121643
8.053293,-667.760681
8.049223,-633.497742
8.045155,-799.137451
8.041084,-692.530640
8.037016,-659.298645
8.032946,-681.995239
8.028876,-631.536194
8.024807,-729.789429
8.020738,-725.864014
8.016668,-677.548950
8.012599,-664.249512
8.008530,-594.477783
8.004460,-685.101685
8.000391,-497.499908
7.996322,-780.155396
7.992252,-706.015381
7.988183,-669.803101
7.984113,-732.334412
7.980044,-687.463013
7.975975,-694.654114
7.971905,-680.894958
7.967836,-650.263428
7.963767,-694.413940
7.959697,-637.230042
7.955628,-736.615356
7.951558,-522.372803
7.947489,-885.571777
7.943419,-650.348816
7.939350,-712.232483
7.935281,-656.426025
7.931211,-692.971680
7.927142,-692.626953
7.923073,-787.903198
7.919003,-679.759583
7.914934,-626.115967
7.910864,-542.863586
7.906795,-668.658997
7.902726,-771.837341
7.898656,-601.870667
7.894587,-574.034851
7.890518,-663.978333
7.886448,-470.133301
7.882379,-700.923645
7.878310,-689.707703
7.874240,-761.629761
7.870171,-557.572144
7.866101,-723.403137
7.862032,-497.120941
7.857963,-672.978821
7.853893,-632.797058
7.849824,-541.816284
7.845755,-702.904175
7.841685,-544.693298
7.837616,-642.242188
7.833547,-721.362976
7.829477,-761.587769
7.825408,-709.657227
7.821338,-732.270142
7.817269,-670.785461
7.813200,-770.532959
7.809130,-515.408142
7.805061,-650.023438
7.800992,-601.461914
7.796922,-705.081177
7.792853,-577.710083
7.788783,-648.536560
7.784714,-587.481323
7.780644,-543.120605
7.776575,-719.572388
7.772506,-628.564148
7.768436,-530.152954
7.764367,-719.873413
7.760298,-760.805420
7.756228,-680.825256
7.752159,-582.781494
7.748089,-650.200745
7.744020,-628.908997
7.739951,-617.574768
7.735881,-488.155792
7.731812,-478.732269
7.727743,-645.769104
7.723673,-703.018799
7.719604,-593.081238
7.715535,-748.821289
7.711465,-728.305054
7.707396,-683.100098
7.703326,-673.629761
7.699257,-602.265564
7.695188,-656.575989
7.691118,-583.279480
7.687049,-688.341064
7.682980,-748.528625
7.678910,-526.251587
7.674841,-605.674316
7.670772,-649.560181
7.666702,-714.770325
7.662632,-745.532837
7.658563,-569.598694
7.654494,-510.710541
7.650424,-666.779785
7.646355,-545.995361
7.642286,-686.770691
7.638216,-527.942871
7.634147,-662.954346
7.630078,-709.765137
7.626008,-606.209961
7.621939,-590.515808
7.617869,-684.633362
7.613800,-672.371399
7.609731,-679.261292
7.605661,-670.450806
7.601592,-609.811768
7.597523,-597.051880
7.593453,-711.989075
7.589384,-681.600220
7.585314,-701.669434
7.581245,-740.902283
7.577176,-683.141602
7.573106,-592.861145
7.569037,-732.201416
7.564968,-742.351624
7.560898,-616.374023
7.556829,-695.585327
7.552760,-575.366211
7.548690,-477.091583
7.544621,-621.134033
7.540551,-575.463806
7.536482,-610.209717
7.532413,-648.736938
7.528343,-609.591919
7.524274,-598.089722
7.520205,-588.402466
7.516135,-649.914978
7.512066,-723.705750
7.507997,-466.708557
7.503927,-556.482178
7.499857,-658.469238
7.495788,-625.942993
7.491719,-647.869690
7.487649,-671.598022
7.483580,-525.509094
7.479511,-586.618347
7.475441,-573.872437
7.471372,-707.584412
7.467303,-599.417847
7.463233,-667.521790
7.459164,-616.416077
7.455094,-673.988159
7.451025,-749.246460
7.446956,-703.570374
7.442886,-551.078613
7.438817,-690.213806
7.434748,-619.752930
7.430678,-659.034424
7.426609,-588.820190
7.422539,-726.530396
7.418470,-556.316650
7.414401,-550.177979
7.410331,-571.160522
7.406262,-481.696533
7.402193,-652.041016
7.398123,-404.528595
7.394054,-456.026337
7.389985,-427.757751
7.385915,-443.752472
7.381845,-592.263855
7.377776,-379.153778
7.373707,-445.342896
7.369637,-262.124512
7.365568,-140.106033
7.361499,-237.437180
7.357430,-334.166321
7.353360,-304.147278
7.349291,-379.748901
7.345222,-473.825378
7.341152,-585.240662
7.337082,-608.048767
7.333013,-605.147339
7.328944,-629.312378
7.324874,-659.256836
7.320805,-552.731689
7.316736,-570.748962
7.312666,-720.014893
7.308597,-658.838257
7.304528,-656.178711
7.300458,-484.524567
7.296389,-723.134705
7.292319,-664.437744
7.288250,-647.253113
7.284181,-776.437195
7.280111,-833.254639
7.276042,-675.738892
7.271973,-445.525269
7.267903,-625.949951
7.263834,-690.910400
7.259765,-648.693176
7.255695,-596.887329
7.251626,-667.624573
7.247556,-699.463501
7.243487,-677.870056
7.239418,-598.653198
7.235348,-751.325256
7.231279,-603.428345
7.227210,-604.999695
7.223140,-572.608459
7.219071,-716.573242
7.215001,-660.456970
7.210932,-603.421082
7.206862,-701.990662
7.202793,-660.660950
7.198724,-661.310242
7.194654,-637.844910
7.190585,-748.262939
7.186516,-517.303528
7.182446,-676.247925
7.178377,-618.631592
7.174307,-654.325928
7.170238,-436.757355
7.166169,-813.935608
7.162099,-605.362366
7.158030,-695.697266
7.153961,-716.714050
7.149891,-715.646545
7.145822,-631.298340
7.141753,-567.897583
7.137683,-697.214478
7.133614,-670.312744
7.129544,-570.607300
7.125475,-586.882996
7.121406,-652.222168
7.117336,-658.372437
7.113267,-674.566895
7.109198,-577.054932
7.105128,-686.796814
7.101059,-600.686340
7.096990,-692.752625
7.092920,-743.009277
7.088850,-607.848022
7.084781,-683.708923
7.080712,-727.052368
7.076643,-662.179932
7.072573,-797.327942
7.068504,-826.612366
7.064435,-592.415344
7.060365,-616.707275
7.056296,-689.841675
7.052226,-627.421570
7.048157,-581.749084
7.044087,-650.029663
7.040018,-586.731750
7.035949,-525.927795
7.031879,-611.328369
7.027810,-669.675415
7.023741,-691.351868
7.019671,-735.904358
7.015602,-729.163025
7.011532,-700.779602
7.007463,-712.204529
7.003394,-731.958008
6.999324,-670.290588
6.995255,-657.457581
6.991186,-673.136230
6.987116,-563.887512
6.983047,-706.167358
6.978978,-720.718323
6.974908,-699.326843
6.970839,-636.879211
6.966769,-618.201233
6.962700,-534.482788
6.958631,-675.107239
6.954561,-714.350098
6.950492,-647.864990
6.946423,-763.828247
6.942353,-736.393250
6.938284,-667.181885
6.934215,-735.902039
6.930145,-725.822754
6.926075,-725.383118
6.922006,-613.844543
6.917937,-673.808716
6.913867,-631.376709
6.909798,-608.948853
6.905729,-722.398376
6.901659,-688.757324
6.897590,-677.599609
6.893521,-617.654053
6.889451,-601.914185
6.885382,-611.414856
6.881312,-713.047424
6.877243,-678.370361
6.873174,-726.716919
6.869104,-542.445862
6.865035,-611.315674
6.860966,-704.463440
6.856896,-696.057739
6.852827,-692.484558
6.848757,-659.807007
6.844688,-693.311035
6.840619,-654.780518
6.836549,-790.398560
6.832480,-735.256775
6.828411,-633.529175
6.824341,-674.103027
6.820272,-669.188782
6.816203,-595.726379
6.812133,-555.192810
6.808064,-629.820313
6.803994,-714.033203
6.799925,-654.429260
6.795856,-653.393982
6.791786,-617.648438
6.787717,-838.614441
6.783648,-685.032043
6.779578,-765.390076
6.775509,-724.104553
6.771440,-580.269226
6.767370,-717.330322
6.763300,-655.893311
6.759231,-697.950317
6.755162,-666.389587
6.751092,-601.663940
6.747023,-654.219116
6.742954,-657.142395
6.738884,-728.715820
6.734815,-655.505737
6.730746,-802.035950
6.726676,-639.280701
6.722607,-628.810181
6.718537,-639.042236
6.714468,-632.165344
6.710399,-654.419067
6.706329,-653.910889
6.702260,-583.154602
6.698191,-699.955261
6.694121,-710.553284
6.690052,-545.709595
6.685982,-580.623047
6.681913,-625.939148
6.677844,-700.961670
6.673774,-535.980103
6.669705,-583.211304
6.665636,-633.093018
6.661566,-666.704163
6.657497,-516.464233
6.653428,-657.298279
6.649358,-668.484619
6.645288,-605.451904
6.641219,-719.538025
6.637150,-679.014893
6.633080,-678.562927
6.629011,-708.089172
6.624942,-603.643860
6.620872,-640.067139
6.616803,-724.296021
6.612734,-539.128967
6.608665,-809.596741
6.604595,-684.144226
6.600525,-608.314880
6.596456,-536.127380
6.592387,-660.260986
6.588317,-671.402832
6.584248,-685.535156
6.580179,-588.561035
6.576109,-636.820251
6.572040,-600.056335
6.567971,-685.165344
6.563901,-700.986084
6.559832,-601.162354
6.555762,-652.306274
6.551693,-582.504822
6.547624,-709.324585
6.543554,-547.031006
6.539485,-626.403076
6.535416,-579.960754
6.531346,-637.868286
6.527277,-723.158508
6.523208,-521.843323
6.519138,-683.949341
6.515069,-611.028992
6.511000,-740.788330
6.506930,-646.701050
6.502860,-658.300964
6.498791,-641.181946
6.494721,-746.534302
6.490652,-595.716980
6.486583,-657.176819
6.482513,-717.422363
6.478444,-695.095947
6.474375,-726.511353
6.470305,-615.413391
6.466236,-718.442627
6.462167,-609.095703
6.458097,-680.618958
6.454028,-670.715271
6.449959,-719.260986
6.445889,-690.197998
6.441820,-648.119019
6.437751,-674.786011
6.433681,-500.921509
6.429612,-759.341797
6.425543,-474.928467
6.421473,-635.109863
6.417403,-610.173645
6.413334,-639.893494
6.409265,-666.184143
6.405195,-676.611450
6.401126,-635.305176
6.397057,-604.331604
6.392987,-663.334656
6.388918,-611.870605
6.384849,-646.702881
6.380779,-593.348450
6.376710,-720.141968
6.372641,-664.102600
6.368571,-647.706360
6.364502,-577.984009
6.360433,-683.583374
6.356363,-644.612793
6.352294,-685.399780
6.348225,-553.800354
6.344155,-618.844482
6.340085,-632.461304
6.336016,-615.463074
6.331946,-674.549744
6.327877,-581.617920
6.323808,-718.686707
6.319738,-652.554932
6.315669,-535.153381
6.311600,-683.985107
6.307530,-693.197510
6.303461,-601.251892
6.299392,-633.868103
6.295322,-713.410461
6.291253,-614.909546
6.287184,-714.978516
6.283114,-664.673706
6.279045,-555.085510
6.274976,-661.187744
6.270906,-640.800842
6.266837,-526.966064
6.262768,-718.887207
6.258698,-690.271851
6.254628,-635.012634
6.250559,-616.196350
6.246490,-654.887207
6.242420,-651.499634
6.238351,-584.743164
6.234282,-683.679626
6.230212,-576.408813
6.226143,-573.630798
6.222074,-685.893005
6.218004,393.615356
6.213935,-825.370483
6.209866,-820.820435
6.205796,-708.180603
6.201727,-738.404175
6.197658,-638.087402
6.193588,-756.788147
6.189519,-850.489319
6.185450,-745.099182
6.181380,-655.975769
6.177311,-634.977417
6.173241,-648.858643
6.169171,-587.788757
6.165102,-673.146301
6.161033,-652.569214
6.156963,-558.758667
6.152894,-701.202637
6.148825,-523.120667
6.144755,-627.753174
6.140686,-733.902832
6.136617,-675.103210
6.132547,-693.243896
6.128478,-611.275940
6.124409,-615.098999
6.120339,-762.976135
6.116270,-561.476440
6.112201,-581.502197
6.108131,-731.523926
6.104062,-609.594788
6.099993,-753.982178
6.095923,-774.402832
6.091853,-664.061646
6.087784,-600.414856
6.083714,-739.416016
6.079645,-614.505127
6.075576,-614.596863
6.071507,-765.837952
6.067437,-588.359497
6.063368,-664.723694
6.059299,-611.637390
6.055229,-637.014160
6.051160,-752.806091
6.047091,-726.223083
6.043021,-658.165039
6.038952,-662.761108
6.034883,-702.982056
6.030813,-627.151001
6.026744,-719.267944
6.022675,-579.255310
6.018605,-677.445129
6.014536,-683.240967
6.010466,-625.473328
6.006396,-623.519836
6.002327,-755.042664
5.998258,-779.413757
5.994188,-647.580383
5.990119,-634.531921
5.986050,-711.723633
5.981980,-712.048767
5.977911,-765.649597
5.973842,-480.528442
5.969772,-675.172913
5.965703,-706.681702
5.961634,-610.098206
5.957564,-559.982483
5.953495,-671.757507
5.949426,-816.387390
5.945356,-671.734802
5.941287,-661.421265
5.937218,-662.510681
5.933148,-630.870422
5.929078,-609.725037
5.925009,-600.155762
5.920939,-774.866150
5.916870,-814.692139
5.912801,-706.198792
5.908731,-694.862488
5.904662,-714.957336
5.900593,-606.210571
5.896523,-638.113037
5.892454,-597.456299
5.888385,-623.426453
5.884315,-659.092712
5.880246,-610.101379
5.876177,-654.958313
5.872108,-589.613098
5.868038,-748.294617
5.863969,-637.732788
5.859900,-636.189636
5.855830,-599.511108
5.851761,-626.150024
5.847691,-661.286804
5.843621,-774.575623
5.839552,-735.812683
5.835483,-670.083252
5.831413,-675.483276
5.827344,-752.363770
5.823275,-504.300842
5.819205,-637.969666
5.815136,-745.266724
5.811067,-629.195129
5.806997,-687.669189
5.802928,-746.694031
5.798859,-610.069458
5.794789,-599.449402
5.790720,-589.500305
5.786651,-730.667297
5.782581,-753.358276
5.778512,-645.821594
5.774443,-692.794312
5.770373,-620.066040
5.766303,-703.544189
5.762234,-659.872559
5.758164,-492.953094
5.754095,-755.355957
5.750026,-780.056763
5.745956,-662.808716
5.741887,-672.066040
5.737818,-761.448914
5.733748,-653.162170
5.729679,-557.982178
5.725610,-641.722839
5.721540,-620.993286
5.717471,-679.249512
5.713402,-565.152161
5.709332,-595.056091
5.705263,-583.914307
5.701194,-568.987061
5.697124,-562.539124
5.693055,-603.027283
5.688986,-473.503632
5.684916,-728.737793
5.680846,-492.347198
5.676777,-542.679138
5.672708,-541.275757
5.668638,-597.930115
5.664569,-611.545593
5.660500,-697.890625
5.656430,-646.747742
5.652361,-702.261230
5.648292,-576.382629
5.644222,-622.067139
5.640153,-512.712036
5.636084,-608.858582
5.632014,-558.046875
5.627945,-574.735779
5.623876,-700.747803
5.619806,-593.165039
5.615737,-579.946289
5.611668,-616.895386
5.607598,-455.995728
5.603528,-703.064270
5.599459,-556.884094
5.595389,-628.149170
5.591320,-515.146973
5.587251,-607.183655
5.583181,-721.486267
5.579112,-615.476685
5.575043,-624.915405
5.570973,-662.225159
5.566904,-726.263489
5.562835,-686.899231
5.558765,-708.101257
5.554696,-582.543640
5.550627,-591.639343
5.546557,-625.529480
5.542488,-689.920166
5.538419,-667.134277
5.534349,-489.797058
5.530280,-680.025208
5.526211,-590.871338
5.522141,-679.372009
5.518071,-634.359802
5.514002,-524.846802
5.509933,-645.031494
5.505863,-535.503357
5.501794,-543.765686
5.497725,-563.771240
5.493655,-628.431152
5.489586,-600.368713
5.485517,-610.788452
5.481447,-556.927002
5.477378,-717.156433
5.473309,-650.772095
5.469239,-613.801331
5.465170,-657.388245
5.461101,-702.695129
5.457031,-592.878357
5.452962,-815.647339
5.448893,-768.722351
5.444823,-521.310730
5.440753,-543.426880
5.436684,-568.342285
5.432614,-639.074768
5.428545,-674.510010
5.424476,-777.584656
5.420406,-520.767273
5.416337,-554.945313
5.412268,-617.013000
5.408198,-495.970337
5.404129,-646.749939
5.400060,-509.452332
5.395990,-562.652771
5.391921,-667.942566
5.387852,-483.636017
5.383782,-550.523682
5.379713,-541.450256
5.375644,-510.256470
5.371574,-703.283997
5.367505,-559.691345
5.363436,-652.418091
5.359365,-604.343323
5.355296,-530.923401
5.351227,-647.898987
5.347157,-684.736450
5.343088,-726.182983
5.339019,-753.529663
5.334949,-558.515564
5.330880,-644.380676
5.326811,-689.164490
5.322742,-733.088867
5.318672,-606.516052
5.314603,-704.028259
5.310534,-634.267517
5.306464,-660.586304
5.302395,-617.640869
5.298326,-616.548035
5.294256,-458.470734
5.290187,-538.496399
5.286118,-490.884308
5.282048,-732.887329
5.277978,-599.072449
5.273909,-704.885376
5.269839,-604.209656
5.265770,-546.324951
5.261701,-515.700317
5.257631,-633.825439
5.253562,-591.364502
5.249493,-658.352539
5.245423,-683.880249
5.241354,-660.034546
5.237285,-454.594971
5.233215,-638.791443
5.229146,-598.307129
5.225077,-602.035889
5.221007,-721.026611
5.216938,-740.064392
5.212869,-524.317017
5.208799,-692.246826
5.204730,-808.302246
5.200661,-554.677795
5.196590,-672.421326
5.192521,-696.013306
5.188452,-538.972412
5.184382,-781.743225
5.180313,-641.575684
5.176244,-785.245972
5.172174,-609.234680
5.168105,-615.843628
5.164036,-612.694946
5.159966,-526.512268
5.155897,-563.112793
5.151828,-679.620544
5.147758,-500.345337
5.143689,-568.098816
5.139620,-659.483582
5.135550,-563.381042
5.131481,-624.886169
5.127412,-521.255615
5.123343,-514.598755
5.119273,-642.303345
5.115204,-762.413452
5.111134,-577.833435
5.107064,-530.099609
5.102995,-573.732666
5.098926,-527.502014
5.094856,-526.210083
5.090787,-718.600403
5.086718,-476.720184
5.082648,-686.574768
5.078579,-557.637573
5.074510,-551.772095
5.070440,-509.126251
5.066371,-614.613464
5.062302,-376.660553
5.058232,-430.922699
5.054163,-442.420532
5.050094,-333.970032
5.046024,-434.041168
5.041955,-394.070587
5.037886,-191.840927
5.033816,-107.423035
5.029746,-80.853783
5.025677,-67.409103
5.021607,0.499987
5.017538,180.954208
5.013469,498.378784
5.009399,729.722595
5.005330,1008.081909
5.001261,1177.910522
4.997191,1237.655029
4.993122,1068.051514
4.989053,1308.289917
4.984983,1297.458984
4.980914,770.166992
4.976845,924.526489
4.972775,642.546753
4.968706,11.840785
4.964637,-51.090069
4.960567,-213.121643
4.956498,-418.528107
4.952429,-428.554657
4.948359,-421.707367
4.944289,-508.421234
4.940220,-464.587280
4.936151,-500.610260
4.932081,-693.817017
4.928012,-529.582764
4.923943,-629.862244
4.919873,-588.627197
4.915804,-503.507324
4.911735,-582.847595
4.907665,-484.963013
4.903596,-457.533691
4.899527,-512.258240
4.895457,-397.663055
4.891388,-462.480743
4.887319,-266.725098
4.883249,-274.259827
4.879180,-578.516174
4.875111,-488.177734
4.871041,-632.783997
4.866971,-591.096252
4.862902,-612.116943
4.858832,-617.867676
4.854763,-668.177124
4.850694,-750.213440
4.846624,-561.642944
4.842555,-645.498840
4.838486,-574.123413
4.834416,-670.218689
4.830347,-658.609253
4.826278,-524.404968
4.822208,-544.746704
4.818139,-560.747925
4.814070,-647.704773
4.810000,-665.516785
4.805931,-505.223969
4.801862,-449.086578
4.797792,-542.369629
4.793723,-441.557434
4.789654,-314.570770
4.785583,-708.544922
4.781514,-368.032104
4.777445,-544.236328
4.773376,-515.461243
4.769306,-513.955750
4.765237,-501.963257
4.761168,-616.666138
4.757098,-577.233704
4.753029,-603.390076
4.748960,-599.355652
4.744890,-706.035034
4.740821,-522.475281
4.736752,-712.464539
4.732682,-628.778992
4.728613,-695.413147
4.724544,-702.466980
4.720474,-684.642761
4.716405,-651.349609
4.712336,-742.707825
4.708266,-453.678253
4.704196,-698.759155
4.700127,-762.997620
4.696057,-575.614624
4.691988,-690.147827
4.687919,-536.397095
4.683849,-660.546143
4.679780,-497.473114
4.675711,-484.970947
4.671641,-427.317566
4.667572,-479.934082
4.663503,-525.285400
4.659433,-635.471130
4.655364,-488.935394
4.651295,-590.400513
4.647225,-646.729858
4.643156,-574.234619
4.639087,-605.962524
4.635017,-719.445251
4.630948,-547.290100
4.626879,-717.082947
4.622808,-725.202637
4.618739,-656.705322
4.614670,-676.411804
4.610600,-664.410583
4.606531,-720.438538
4.602462,-725.581543
4.598392,-786.875061
4.594323,-716.680237
4.590254,-656.708191
4.586185,-642.966736
4.582115,-639.230469
4.578046,-651.349365
4.573977,-405.589905
4.569907,-475.089447
4.565838,-440.769257
4.561769,-364.290375
4.557699,-287.902344
4.553630,-314.740448
4.549561,-393.931274
4.545491,-197.359024
4.541421,-273.437653
4.537352,-382.470428
4.533282,-554.009094
4.529213,-508.780426
4.525144,-628.849976
4.521074,-643.095703
4.517005,-674.374023
4.512936,-648.727905
4.508866,-780.991577
4.504797,-686.003906
4.500728,-702.675110
4.496658,-731.188049
4.492589,-791.929871
4.488520,-732.692139
4.484450,-706.329285
4.480381,-888.164856
4.476312,-776.829651
4.472242,-911.632996
4.468173,-639.215027
4.464104,-417.443024
4.460033,-278.334015
4.455964,-129.921127
4.451895,85.353531
4.447825,128.865311
4.443756,286.639618
4.439687,396.781708
4.435617,468.238953
4.431548,840.122192
4.427479,903.615967
4.423409,1116.935059
4.419340,1384.928711
4.415271,1779.758545
4.411201,2383.831543
4.407132,2879.114014
4.403063,3331.896240
4.398993,4022.101074
4.394924,4363.215332
4.390855,4929.027344
4.386786,5412.995117
4.382716,4705.075684
4.378646,3403.032471
4.374577,1864.885376
4.370507,1048.432983
4.366438,918.260864
4.362369,390.314819
4.358299,443.872620
4.354230,349.102722
4.350161,324.064209
4.346091,715.474243
4.342022,814.725769
4.337953,1056.282471
4.333883,1287.623169
4.329814,1737.477173
4.325745,1928.896729
4.321675,2383.653076
4.317606,2806.709473
4.313537,3246.148438
4.309467,3914.644531
4.305398,4687.787598
4.301329,5537.183594
4.297258,6681.636719
4.293189,8242.426758
4.289120,10020.709961
4.285050,11845.573242
4.280981,13631.744141
4.276912,15006.254883
4.272842,16600.767578
4.268773,17950.746094
4.264704,18144.259766
4.260634,15285.382813
4.256565,8028.302734
4.252496,4551.183594
4.248426,3516.498047
4.244357,2873.373047
4.240288,1838.250854
4.236218,1347.099365
4.232149,1353.719360
4.228080,1355.914795
4.224010,1418.721802
4.219941,1482.588989
4.215871,1876.389648
4.211802,2128.144531
4.207732,2484.031250
4.203663,3271.716797
4.199594,3808.772461
4.195524,4263.666504
4.191455,4927.001465
4.187386,5338.367676
4.183316,6250.880371
4.179247,7222.351074
4.175178,8778.700195
4.171108,10541.484375
4.167039,12677.664063
4.162970,14561.535156
4.158900,16104.436523
4.154831,17564.685547
4.150762,19248.416016
4.146692,19322.103516
4.142623,17466.298828
4.138554,9751.371094
4.134483,4865.819824
4.130414,3362.191406
4.126345,2781.920898
4.122275,1753.793823
4.118206,1167.153320
4.114137,837.269775
4.110067,775.192505
4.105998,756.582520
4.101929,515.151611
4.097859,570.233948
4.093790,731.555115
4.089721,763.510010
4.085651,971.311890
4.081582,1082.370972
4.077513,1452.026367
4.073443,1609.627441
4.069374,1861.778687
4.065305,2082.995117
4.061235,2709.909668
4.057166,3181.653320
4.053097,3732.835205
4.049026,4472.498535
4.044957,4862.041016
4.040888,5457.232910
4.036819,6032.308594
4.032749,6648.615723
4.028680,7002.668945
4.024611,5443.928223
4.020541,3542.093262
4.016472,1733.083252
4.012403,1131.498535
4.008333,654.981079
4.004264,284.124359
4.000195,192.538116
3.996125,-12.329629
3.992056,-143.169510
3.987987,-114.779152
3.983917,-139.631912
3.979848,-266.729248
3.975779,-341.349274
3.971709,-363.400238
3.967639,-341.462585
3.963570,-417.080200
3.959500,-201.802856
3.955431,-316.021942
3.951362,-275.706268
3.947292,-166.124176
3.943223,-157.381271
3.939154,-180.108871
3.935084,-141.858658
3.931015,-326.545349
3.926946,-411.250061
3.922876,-604.076416
3.918807,-579.073181
3.914738,-632.012146
3.910668,-621.146301
3.906599,-821.307434
3.902530,-773.707825
3.898460,-800.286743
3.894391,-809.052246
3.890322,-637.455139
3.886251,-779.407288
3.882182,-572.871887
3.878113,-542.988831
3.874043,-445.823669
3.869974,-416.145630
3.865905,-440.261627
3.861835,-452.744507
3.857766,-365.413086
3.853697,-323.588989
3.849627,-534.225586
3.845558,-317.600342
3.841489,-413.503754
3.837420,-238.229691
3.833350,-260.469452
3.829281,-301.732117
3.825212,-196.828354
3.821142,-222.729065
3.817073,-294.014923
3.813004,-343.736664
3.808934,-189.384369
3.804864,-344.398560
3.800795,-432.799316
3.796725,-410.355988
3.792656,-215.258514
3.788587,-270.182739
3.784517,-298.470123
3.780448,-358.110046
3.776379,-443.183258
3.772309,-323.819275
3.768240,-377.683105
3.764171,-437.340363
3.760101,-592.285034
3.756032,-441.514801
3.751963,-546.055664
3.747893,-546.751770
3.743824,-476.768402
3.739755,-507.499115
3.735685,-654.823853
3.731616,-477.012390
3.727547,-404.720612
3.723476,-504.354736
3.719407,-527.304932
3.715338,-583.534729
3.711268,-587.454712
3.707199,-685.510376
3.703130,-682.398010
3.699060,-799.881714
3.694991,-1052.812012
3.690922,-1131.242432
3.686852,-1298.966675
3.682783,-1334.400269
3.678714,-1524.580566
3.674644,-1432.469971
3.670575,-1535.850220
3.666506,-1308.003418
3.662436,-1229.801880
3.658367,-788.596436
3.654298,-624.234680
3.650229,-471.757782
3.646159,-527.870728
3.642089,-405.962769
3.638020,-430.730499
3.633950,-318.529633
3.629881,-264.349640
3.625812,-431.124176
3.621742,-290.629425
3.617673,-334.901642
3.613604,-143.894608
3.609534,-119.203094
3.605465,-113.440201
3.601396,19.289671
3.597326,162.191452
3.593257,48.250587
3.589188,181.476105
3.585118,230.818802
3.581049,184.489426
3.576980,377.713043
3.572910,491.297577
3.568841,535.395935
3.564772,781.492676
3.560701,809.558167
3.556632,946.669922
3.552563,1176.490112
3.548493,1492.289673
3.544424,1962.300659
3.540355,2222.682373
3.536285,2645.499268
3.532216,3125.295898
3.528147,3806.074463
3.524077,4517.797363
3.520008,5389.059570
3.515939,6441.899414
3.511869,7503.838867
3.507800,8616.795898
3.503731,10149.578125
3.499661,12043.103516
3.495592,14476.920898
3.491523,17880.005859
3.487453,22048.992188
3.483384,26620.021484
3.479314,31213.003906
3.475245,35012.261719
3.471175,39345.460938
3.467106,43625.300781
3.463037,45613.671875
3.458967,45008.757813
3.454898,36598.171875
3.450829,26907.835938
3.446759,14739.639648
3.442690,7738.047852
3.438621,3311.063965
3.434551,2112.244629
3.430482,1486.684937
3.426413,1217.427490
3.422343,1004.974365
3.418274,874.286438
3.414205,711.390381
3.410135,580.107727
3.406066,465.764160
3.401997,184.250320
3.397926,2.815882
3.393857,149.590515
3.389788,-104.484344
3.385718,-34.064865
3.381649,-224.760773
3.377580,-336.035736
3.373510,-331.021423
3.369441,-163.632034
3.365372,-131.204102
3.361302,-255.762955
3.357233,-124.929924
3.353164,13.659633
3.349094,-115.085388
3.345025,-27.605486
3.340956,-53.260590
3.336886,50.768951
3.332817,-220.931641
3.328748,-419.696472
3.324678,-364.375031
3.320609,-444.264465
3.316539,-469.264404
3.312469,-328.789398
3.308400,-412.939484
3.304331,-394.472076
3.300261,-415.227509
3.296192,-227.935898
3.292123,-315.298004
3.288054,-238.674988
3.283984,-281.804565
3.279915,-20.082624
3.275846,-17.085958
3.271776,127.115372
3.267707,342.044006
3.263638,480.665405
3.259568,484.311340
3.255499,511.298126
3.251430,771.354126
3.247360,533.521484
3.243291,204.583954
3.239222,-27.746387
3.235151,-183.662186
3.231082,-467.335907
3.227013,-517.335815
3.222943,-562.793518
3.218874,-363.780518
3.214805,-480.484741
3.210735,-619.187805
3.206666,-589.402649
3.202597,-471.202332
3.198527,-602.888550
3.194458,-600.358398
3.190389,-654.082825
3.186319,-600.156067
3.182250,-558.606995
3.178181,-606.906799
3.174111,-535.494507
3.170042,-491.742004
3.165973,-620.530945
3.161903,-520.275085
3.157834,-507.578491
3.153764,-546.304932
3.149694,-562.775940
3.145625,-393.227417
3.141556,-349.218811
3.137486,-547.252686
3.133417,-385.847839
3.129348,-441.912842
3.125278,-539.003296
3.121209,-520.685059
3.117140,-569.958130
3.113070,-553.426270
3.109001,-572.011658
3.104932,-760.611816
3.100863,-628.383240
3.096793,-507.632202
3.092724,-660.561768
3.088655,-593.542114
3.084585,-469.242371
3.080516,-560.524475
3.076447,-566.422913
3.072377,-471.840363
3.068307,-486.606110
3.064238,-455.454620
3.060168,-434.706848
3.056099,-358.439056
3.052030,-355.611053
3.047960,-321.751770
3.043891,-234.412552
3.039822,-96.163780
3.035752,-60.511776
3.031683,16.230867
3.027614,-8.044189
3.023544,212.640350
3.019475,521.195984
3.015406,871.659668
3.011336,753.502991
3.007267,309.860931
3.003198,-6.023208
2.999128,-449.320282
2.995059,-441.947815
2.990990,-521.220276
2.986919,-485.444885
2.982850,-557.698425
2.978781,-586.529175
2.974711,-534.137268
2.970642,-449.430389
2.966573,-649.280518
2.962503,-541.843018
2.958434,-459.793335
2.954365,-628.245483
2.950295,-701.597961
2.946226,-618.049194
2.942157,-569.786743
2.938087,-599.774780
2.934018,-478.932495
2.929949,-490.972412
2.925879,-418.061707
2.921810,-416.586670
2.917741,-385.538849
2.913671,-234.290085
2.909602,-350.004669
2.905532,-294.630127
2.901463,-277.466522
2.897393,-319.762451
2.893324,-545.283997
2.889255,-483.314514
2.885185,-498.863831
2.881116,-547.415588
2.877047,-512.801331
2.872977,-501.173523
2.868908,-675.486267
2.864839,-468.459930
2.860769,-550.930237
2.856700,-521.508972
2.852631,-468.897797
2.848561,-482.312195
2.844492,-601.998657
2.840423,-575.633362
2.836353,-529.359253
2.832284,-389.347961
2.828215,-333.837646
2.824144,-265.302765
2.820075,-175.268158
2.816006,-198.797226
2.811936,-91.203255
2.807867,-53.172024
2.803798,-47.711487
2.799728,-129.229980
2.795659,-133.930603
2.791590,-128.321472
2.787520,-256.919312
2.783451,-203.996994
2.779382,-295.286713
2.775312,-389.498260
2.771243,-278.450531
2.767174,-408.783295
2.763104,-637.305725
2.759035,-585.575928
2.754966,-445.873383
2.750896,-237.378128
2.746827,-379.992554
2.742757,-209.199951
2.738688,-357.777527
2.734618,-330.138702
2.730549,-248.091217
2.726480,-280.111084
2.722410,-375.907501
2.718341,-550.154541
2.714272,-410.799652
2.710202,-687.557678
2.706133,-580.153992
2.702064,-670.126404
2.697994,-527.365723
2.693925,-396.992645
2.689856,-192.780701
2.685786,-76.945763
2.681717,5.964543
2.677648,-131.480911
2.673578,-180.205185
2.669509,-110.907555
2.665440,-114.866219
2.661369,-134.303848
2.657300,-277.980713
2.653231,-237.601807
2.649161,-315.035065
2.645092,-256.704041
2.641023,-312.758301
2.636953,-258.443787
2.632884,-449.836731
2.628815,-408.816101
2.624745,-391.940887
2.620676,-304.404297
2.616607,-471.600525
2.612537,-509.634430
2.608468,-431.840057
2.604399,-510.143646
2.600329,-465.194794
2.596260,-407.111511
2.592191,-403.349457
2.588121,-309.605103
2.584052,-351.862885
2.579982,-288.560455
2.575912,-348.185883
2.571843,-415.178589
2.567774,-367.094696
2.563704,-444.699463
2.559635,-501.702301
2.555566,-475.156372
2.551497,-346.291168
2.547427,-478.687927
2.543358,-416.083649
2.539289,-673.173279
2.535219,-592.769836
2.531150,-507.275665
2.527081,-784.557617
2.523011,-804.987427
2.518942,-916.658630
2.514873,-1128.178345
2.510803,-1213.372681
2.506734,-1461.671265
2.502665,-1554.432739
2.498594,-1722.064575
2.494525,-1985.840576
2.490456,-2084.716553
2.486386,-2014.819336
2.482317,-1989.496460
2.478248,-1308.395020
2.474178,-1028.977417
2.470109,-392.079163
2.466040,-221.531677
2.461970,-80.566872
2.457901,-18.165659
2.453832,-191.849426
2.449762,1.143463
2.445693,-96.944740
2.441624,-11.862706
2.437554,-31.651226
2.433485,57.202435
2.429416,86.100609
2.425346,97.702164
2.421277,236.617386
2.417207,328.673981
2.413137,366.113647
2.409068,466.024963
2.404999,651.543396
2.400929,669.820129
2.396860,986.777405
2.392791,884.681580
2.388721,1063.669067
2.384652,1620.929321
2.380583,1581.910156
2.376513,1863.325439
2.372444,2273.149170
2.368375,2491.628418
2.364305,2839.689209
2.360236,3113.622314
2.356167,3683.402344
2.352098,4247.150879
2.348028,5132.464355
2.343959,5966.431641
2.339890,7056.710449
2.335819,8564.069336
2.331750,9717.391602
2.327681,11305.626953
2.323611,13222.471680
2.319542,15313.648438
2.315473,17873.412109
2.311403,20932.287109
2.307334,25067.677734
2.303265,30792.654297
2.299195,37875.714844
2.295126,45480.101563
2.291057,52965.761719
2.286987,59290.175781
2.282918,66189.906250
2.278849,76670.093750
2.274779,71295.125000
2.270710,70069.945313
2.266641,36921.750000
2.262571,24662.062500
2.258502,6842.575684
2.254432,4261.294922
2.250362,2438.480225
2.246293,1832.501465
2.242224,1269.538574
2.238154,995.315674
2.234085,713.293457
2.230016,522.058411
2.225946,464.144867
2.221877,244.289536
2.217808,-93.662300
2.213738,-115.590874
2.209669,-254.383240
2.205600,-244.597183
2.201530,-364.480804
2.197461,-315.157288
2.193392,-301.772644
2.189322,-275.377289
2.185253,-279.942200
2.181184,-273.453674
2.177114,-293.175873
2.173044,-168.846848
2.168975,-88.252243
2.164906,-116.905106
2.160836,-332.188263
2.156767,-328.554260
2.152698,-398.509064
2.148628,26.711763
2.144559,250.940292
2.140490,130.858704
2.136420,-93.197357
2.132351,-341.522034
2.128282,-230.402222
2.124212,-211.823944
2.120143,-184.882065
2.116074,-126.925369
2.112004,101.929085
2.107935,59.123219
2.103866,399.948151
2.099796,305.082275
2.095727,517.318970
2.091657,723.513184
2.087587,1075.848633
2.083518,1348.845337
2.079449,1479.644409
2.075379,1863.537354
2.071310,1958.077515
2.067241,2044.005371
2.063171,2054.839844
2.059102,1663.812622
2.055033,1165.330322
2.050963,679.088318
2.046894,534.703064
2.042825,388.951874
2.038755,245.273071
2.034686,440.604187
2.030617,658.453491
2.026547,1202.473389
2.022478,1264.288330
2.018409,969.466736
2.014339,508.140106
2.010270,631.374817
2.006200,786.040955
2.002131,1067.049194
1.998061,1234.462524
1.993992,1677.871826
1.989923,1973.781860
1.985853,2230.656738
1.981784,2828.105957
1.977715,3445.743652
1.973645,4060.014648
1.969576,4602.782715
1.965507,5234.922852
1.961437,5176.229492
1.957368,4823.821777
1.953299,4756.520508
1.949229,3168.577881
1.945160,2085.705566
1.941091,1526.111450
1.937021,352.482605
1.932952,-35.201763
1.928883,-68.111389
1.924812,-405.825195
1.920743,-398.214264
1.916674,-376.316010
1.912604,-334.626526
1.908535,-329.506073
1.904466,-262.601715
1.900396,-398.422668
1.896327,-564.606812
1.892258,-623.091797
1.888188,-715.873840
1.884119,-711.035706
1.880050,-655.497681
1.875980,-483.036316
1.871911,-513.639038
1.867842,-416.856323
1.863772,-434.979462
1.859703,-385.511749
1.855634,-216.090576
1.851564,-100.551491
1.847495,-124.968956
1.843425,-142.473694
1.839355,-301.958313
1.835286,-397.484314
1.831217,-277.900818
1.827147,-260.771606
1.823078,-492.462952
1.819009,-197.053864
1.814939,-333.167175
1.810870,-219.077332
1.806801,-354.824341
1.802732,-284.791077
1.798662,-362.256012
1.794593,-287.496307
1.790524,-376.171631
1.786454,-281.069366
1.782385,-435.750183
1.778316,-544.772217
1.774246,-652.064575
1.770177,-703.190674
1.766108,-796.383057
1.762037,-572.930603
1.757968,-662.834106
1.753899,-635.280823
1.749829,-664.741028
1.745760,-491.828735
1.741691,-644.019592
1.737621,-586.965881
1.733552,-601.365906
1.729483,-563.381287
1.725413,-664.462830
1.721344,-536.085510
1.717275,-528.526245
1.713205,-497.991913
1.709136,-477.120148
1.705067,-392.631348
1.700997,-246.886536
1.696928,-164.725342
1.692859,-262.528473
1.688789,-352.084778
1.684720,-367.810730
1.680650,-425.988037
1.676580,-523.419678
1.672511,-391.930054
1.668442,-478.593079
1.664372,-462.843109
1.660303,-613.138062
1.656234,-481.393036
1.652164,-607.391907
1.648095,-733.947693
1.644026,-558.722839
1.639956,-687.122009
1.635887,-596.932068
1.631818,-616.823730
1.627748,-710.667419
1.623679,-788.828003
1.619610,-843.958008
1.615541,-833.432617
1.611471,-867.956665
1.607402,-503.277649
1.603333,-405.978943
1.599262,-241.396866
1.595193,-186.401398
1.591124,-123.870018
1.587054,-218.666306
1.582985,-195.579346
1.578916,-71.462242
1.574846,-58.647594
1.570777,12.701029
1.566708,-69.256538
1.562638,-12.380483
1.558569,-42.159481
1.554500,127.461517
1.550430,100.747345
1.546361,228.270096
1.542292,153.886719
1.538222,185.852509
1.534153,294.282867
1.530084,-289.645325
1.526014,-211.171371
1.521945,-371.502563
1.517875,-308.932343
1.513805,-410.733856
1.509736,-300.780396
1.505667,-291.368256
1.501597,-306.157593
1.497528,-381.847687
1.493459,-400.783997
1.489389,295.467133
1.485320,816.922241
1.481251,1299.869385
1.477181,1355.094849
1.473112,1736.245239
1.469043,2095.551025
1.464973,2587.829590
1.460904,2910.669922
1.456835,3288.770752
1.452765,4057.144287
1.448696,4857.336426
1.444627,5768.019531
1.440557,6646.556152
1.436487,8078.220703
1.432418,9675.013672
1.428349,11789.026367
1.424279,14144.001953
1.420210,16140.201172
1.416141,17727.849609
1.412071,19550.789063
1.408002,22069.283203
1.403933,23428.250000
1.399863,18856.041016
1.395794,9720.496094
1.391725,4270.318359
1.387655,2496.889160
1.383586,1932.011353
1.379517,1785.450562
1.375447,1614.374634
1.371378,1962.196167
1.367309,2246.920654
1.363239,2672.179688
1.359170,2901.911865
1.355100,3313.020264
1.351030,3813.391846
1.346961,4651.084473
1.342892,5475.922363
1.338822,6248.819336
1.334753,7342.603027
1.330684,8399.125977
1.326614,9975.577148
1.322545,11698.175781
1.318476,13981.266602
1.314406,16859.406250
1.310337,20805.048828
1.306268,25667.648438
1.302198,29328.962891
1.298129,31473.185547
1.294060,34988.617188
1.289990,39374.285156
1.285921,47388.886719
1.281852,35040.242188
1.277782,18620.361328
1.273712,7315.043457
1.269643,4289.761230
1.265574,2768.771240
1.261504,2416.319092
1.257435,2024.519653
1.253366,1824.927612
1.249296,1901.795654
1.245227,1637.694336
1.241158,1755.150024
1.237088,1754.517090
1.233019,2054.314209
1.228950,2534.789795
1.224880,2729.421387
1.220811,3350.595215
1.216742,3754.830078
1.212672,4248.186523
1.208603,4974.859863
1.204534,5761.064453
1.200464,6666.668457
1.196395,7965.342773
1.192325,9492.976563
1.188255,11282.126953
1.184186,12736.037109
1.180117,13997.384766
1.176047,15415.417969
1.171978,17226.185547
1.167909,18840.433594
1.163839,16909.013672
1.159770,10122.720703
1.155701,4169.902344
1.151631,1497.496826
1.147562,585.406738
1.143493,260.671326
1.139423,30.151472
1.135354,-129.281464
1.131285,-166.118881
1.127215,-201.046753
1.123146,-296.532379
1.119077,-257.607758
1.115007,-431.393768
1.110937,-381.532227
1.106868,-385.130981
1.102798,-292.288422
1.098729,-214.393463
1.094660,-114.407990
1.090590,-9.906470
1.086521,-41.914211
1.082452,334.233917
1.078382,229.550812
1.074313,434.540009
1.070244,-71.238266
1.066175,-364.032013
1.062105,-530.286255
1.058036,-688.012024
1.053967,-667.820679
1.049897,-754.753601
1.045828,-720.724609
1.041759,-793.423828
1.037689,-748.019348
1.033620,-785.416138
1.029550,-738.823303
1.025480,-809.435852
1.021411,-636.576111
1.017342,-608.071777
1.013272,-566.938965
1.009203,-801.743591
1.005134,-608.692993
1.001064,-681.425903
0.996995,-395.968018
0.992926,-501.363739
0.988856,-384.388733
0.984787,-428.306824
0.980718,-266.174469
0.976648,-362.512451
0.972579,-259.104156
0.968510,-305.779236
0.964440,-221.979721
0.960371,-371.347107
0.956302,-202.766693
0.952232,-325.459137
0.948163,-590.899353
0.944093,-634.511292
0.940023,-746.990417
0.935954,-685.428955
0.931885,-772.296997
0.927815,-588.399902
0.923746,-651.747009
0.919677,-788.818359
0.915607,-658.693604
0.911538,-791.178467
0.907469,-709.882263
0.903399,-738.548950
0.899330,-764.004639
0.895261,-731.187927
0.891191,-644.507507
0.887122,-705.052002
0.883053,-648.756226
0.878983,-709.875610
0.874914,-598.804321
0.870845,-566.540344
0.866776,-499.004944
0.862705,-290.303589
0.858636,-249.977371
0.854567,-452.081940
0.850497,-456.709351
0.846428,-595.435181
0.842359,-523.645813
0.838289,-573.438293
0.834220,-645.288818
0.830151,-539.667480
0.826081,-668.385193
0.822012,-466.794495
0.817943,-474.541077
0.813873,-456.599182
0.809804,-617.857239
0.805735,-548.359619
0.801665,-543.603882
0.797596,-437.972778
0.793527,-351.216095
0.789457,-423.676361
0.785388,-610.492371
0.781318,-737.498230
0.777248,-666.135620
0.773179,-792.528320
0.769110,-669.756836
0.765040,-846.709351
0.760971,-660.419800
0.756902,-530.970459
0.752832,-451.990814
0.748763,-499.323578
0.744694,-226.731232
0.740624,-42.910942
0.736555,-368.296051
0.732486,-619.396240
0.728416,-628.744995
0.724347,-527.083862
0.720278,-716.804871
0.716208,-533.444824
0.712139,-574.279541
0.708070,-527.554199
0.704000,-592.945557
0.699930,-651.306213
0.695861,-693.384399
0.691792,-628.888184
0.687722,-577.564270
0.683653,-514.583008
0.679584,-652.690186
0.675514,-420.962311
0.671445,-473.776337
0.667376,-668.801453
0.663306,-652.793213
0.659237,-631.803894
0.655168,-645.677979
0.651098,-659.994690
0.647029,-630.391479
0.642960,-675.289063
0.638890,-529.597778
0.634821,-457.441895
0.630752,-462.763123
0.626682,-534.151428
0.622613,-471.053741
0.618543,-590.866882
0.614473,-600.355408
0.610404,-432.421295
0.606335,-466.105896
0.602265,-455.187469
0.598196,-496.287689
0.594127,-594.712219
0.590057,-647.724976
0.585988,-558.790283
0.581919,-419.590881
0.577849,-475.081360
0.573780,-519.774231
0.569711,-540.005066
0.565641,-508.006256
0.561572,-511.527496
0.557503,-351.792267
0.553433,-484.717773
0.549364,-428.116119
0.545295,-551.162109
0.541225,-522.307922
0.537155,-636.269897
0.533086,-661.710083
0.529016,-569.082947
0.524947,-500.393433
0.520878,-628.970825
0.516809,-540.087524
0.512739,-553.901672
0.508670,-679.500244
0.504601,-512.286987
0.500531,-544.148071
0.496462,-567.815125
0.492393,-581.223999
0.488323,-659.619202
0.484254,-557.918030
0.480185,-601.550171
0.476115,-598.705688
0.472046,-455.046997
0.467977,-483.490204
0.463907,-608.149963
0.459838,-510.326630
0.455768,-674.096924
0.451698,-635.874878
0.447629,-698.601440
0.443560,-644.900879
0.439490,-565.648621
0.435421,-565.314575
0.431352,-610.990356
0.427282,-697.047546
0.423213,-784.759521
0.419144,-541.876160
0.415074,-573.669067
0.411005,-643.351196
0.406936,-401.654266
0.402866,-604.491272
0.398797,-396.858490
0.394728,-593.912048
0.390658,-540.133301
0.386589,-486.320221
0.382520,-558.129456
0.378450,-561.072693
0.374380,-495.659576
0.370311,-568.157776
0.366241,-536.330444
0.362172,-511.614380
0.358103,-601.631836
0.354033,-484.308319
0.349964,-531.805725
0.345895,-471.891052
0.341825,-563.596802
0.337756,-600.314514
0.333687,-637.872437
0.329618,-786.446106
0.325548,-773.886841
0.321479,-702.938171
0.317410,-805.469299
0.313340,-715.439087
0.309271,-789.151978
0.305202,-702.855042
0.301132,-606.501831
0.297063,-733.066833
0.292993,-674.957214
0.288923,-631.805603
0.284854,-663.272583
0.280785,-528.699280
0.276715,-714.071167
0.272646,-459.584991
0.268577,-520.400330
0.264507,-590.565674
0.260438,-614.352295
0.256369,-671.910522
0.252299,-559.301514
0.248230,-490.793549
0.244161,-561.711853
0.240091,-642.809570
0.236022,-637.675476
0.231953,-510.094208
0.227883,-699.374390
0.223814,-490.283661
0.219745,-654.730530
0.215675,-910.500916
0.211605,-1145.194824
0.207536,-774.463623
0.203466,-885.574768
0.199397,-552.426819
0.195328,-574.003235
0.191258,-630.278442
0.187189,-502.820679
0.183120,-504.794891
0.179050,-675.638245
0.174981,-750.934448
0.170912,-507.577759
0.166842,-522.762390
0.162773,-433.903931
0.158704,-550.769592
0.154634,-663.872498
0.150565,-491.981964
0.146496,-431.174652
0.142426,-463.341919
0.138357,-462.941010
0.134288,-452.261993
0.130218,-376.291534
0.126148,-325.861267
0.122079,-248.990707
0.118010,-173.680862
0.113940,-187.212463
0.109871,-191.389450
0.105802,-145.399979
0.101732,-101.671997
0.097663,-132.595779
0.093594,-94.057365
0.089524,96.257515
0.085455,118.261726
0.081386,140.581879
0.077316,479.926941
0.073247,665.081665
0.069178,861.274597
0.065108,1041.119629
0.061039,1511.362915
0.056970,1703.664917
0.052900,1810.660767
0.048830,1922.661133
0.044761,2431.990723
0.040691,2735.170898
0.036622,3292.095703
0.032553,4151.906738
0.028483,5187.317871
0.024414,6735.234863
0.020345,8042.244141
0.016275,8260.157227
0.012206,8806.456055
0.008137,10625.773438
0.004067,11959.583984
-0.000002,16035.370117
-0.004071,2099.825928
-0.008141,542.425476
-0.012210,-72.196968
-0.016279,-221.565704
-0.020349,-355.886169
-0.024418,-370.649475
-0.028487,-591.496826
-0.032557,-520.877563
-0.036627,-530.898621
-0.040696,-599.575928
-0.044765,-464.965576
-0.048835,-413.703796
-0.052904,-426.688812
-0.056973,-612.851501
-0.061043,-853.943115
-0.065112,-737.004456
-0.069181,-807.436890
-0.073251,-692.374084
-0.077320,-694.206360
-0.081389,-840.926392
-0.085459,-812.018127
-0.089528,-784.650818
-0.093597,-746.930298
-0.097667,-831.144653
-0.101736,-802.967468
-0.105805,-624.656189
-0.109875,-705.307739
-0.113944,-645.250305
-0.118014,-828.257935
-0.122084,-663.673401
-0.126153,-820.251831
-0.130222,-737.374878
-0.134292,-604.236328
-0.138361,-689.396729
-0.142430,-547.314514
-0.146500,-773.574280
-0.150569,-732.741882
-0.154638,-668.571899
-0.158708,-752.014709
-0.162777,-606.143555
-0.166846,-774.600647
-0.170916,-602.498718
-0.174985,-604.556091
-0.179054,-633.628418
-0.183124,-474.453491
-0.187193,-507.090973
-0.191262,-459.078339
-0.195332,-404.703583
-0.199402,-261.175934
-0.203471,-370.175385
-0.207541,-370.777283
-0.211610,-390.661530
-0.215679,-641.797424
-0.219748,-664.535461
-0.223818,-838.449219
-0.227887,-792.896545
-0.231956,-637.718628
-0.236026,-702.133972
-0.240095,-733.443481
-0.244164,-817.114868
-0.248234,-814.542969
-0.252303,-774.730713
-0.256372,-767.740417
-0.260442,-604.138733
-0.264511,-746.100281
-0.268580,-727.616638
-0.272650,-767.336243
-0.276719,-821.277954
-0.280789,-763.649109
-0.284859,-729.776245
-0.288928,-743.894592
-0.292997,-764.845398
-0.297067,-657.581604
-0.301136,-793.543640
-0.305205,-770.798462
-0.309275,-726.876099
-0.313344,-800.393250
-0.317413,-615.309692
-0.321483,-606.322205
-0.325552,-870.151489
-0.329621,-776.428650
-0.333691,-823.777344
-0.337760,-744.348389
-0.341829,-877.186157
-0.345899,-652.289612
-0.349968,-776.868591
-0.354037,-698.841064
-0.358107,-729.111389
-0.362177,-829.514587
-0.366246,-786.546814
-0.370316,-838.351624
-0.374385,-869.893372
-0.378454,-875.130371
-0.382524,-777.177368
-0.386593,-689.511719
-0.390662,-699.100952
-0.394732,-780.826294
-0.398801,-540.137756
-0.402870,-682.395630
-0.406940,-817.057922
-0.411009,-773.299011
-0.415078,-616.220093
-0.419147,-696.012329
-0.423217,-684.625061
-0.427286,-688.958252
-0.431355,-719.711426
-0.435425,-839.119080
-0.439494,-671.294617
-0.443564,-784.329651
-0.447634,-645.139587
-0.451703,-512.190186
-0.455772,-717.338379
-0.459842,-771.798645
-0.463911,-657.894287
-0.467980,-777.073547
-0.472050,-708.878723
-0.476119,-732.961304
-0.480188,-790.427002
-0.484258,-732.326172
-0.488327,-900.848022
-0.492396,-674.089294
-0.496466,-684.746277
-0.500535,-758.613403
-0.504604,-837.020691
-0.508674,-805.114380
-0.512743,-763.677856
-0.516812,-678.507141
-0.520882,-796.262329
-0.524952,-733.120911
-0.529021,-832.548645
-0.533091,-750.603699
-0.537160,-808.796570
-0.541229,-733.760437
-0.545299,-760.863770
-0.549368,-822.034485
-0.553437,-662.571228
-0.557507,-684.093384
-0.561576,-707.071594
-0.565645,-710.752808
-0.569715,-681.309509
-0.573784,-749.433350
-0.577853,-820.308960
-0.581923,-770.624878
-0.585992,-741.010315
-0.590061,-800.164795
-0.594131,-731.962769
-0.598200,-810.893372
-0.602269,-875.798706
-0.606339,-752.782410
-0.610409,-731.523499
-0.614478,-798.706909
-0.618547,-885.433533
-0.622617,-732.439026
-0.626686,-655.993591
-0.630755,-892.385559
-0.634825,-765.508911
-0.638894,-800.995544
-0.642963,-755.682495
-0.647033,-736.593323
-0.651102,-848.485352
-0.655171,-681.298828
-0.659241,-703.220581
-0.663310,-789.200928
-0.667379,-721.137146
-0.671449,-570.299500
-0.675518,-767.174866
-0.679587,-633.885071
-0.683657,-637.329163
-0.687727,-743.813477
-0.691796,-733.195984
-0.695866,-672.279297
-0.699935,-773.835327
-0.704004,-689.096863
-0.708074,-631.543701
-0.712143,-875.855286
-0.716212,-707.081055
-0.720282,-782.018982
-0.724351,-693.198425
-0.728420,-696.013550
-0.732490,-659.151367
-0.736559,-650.289795
-0.740628,-956.874451
-0.744698,-688.635986
-0.748767,-778.538757
-0.752836,-670.662720
-0.756906,-785.710754
-0.760975,-677.973572
-0.765044,-746.803467
-0.769114,-731.833862
-0.773184,-949.067444
-0.777253,-732.320313
-0.781322,-725.706909
-0.785392,-837.747925
-0.789461,-627.954529
-0.793530,-862.778809
-0.797600,-625.821716
-0.801669,-660.813049
-0.805738,-752.277832
-0.809808,-775.526489
-0.813877,-731.669434
-0.817946,-812.063110
-0.822016,-846.244324
-0.826085,-777.412354
-0.830154,-754.295044
-0.834224,-821.301147
-0.838293,-739.517578
-0.842362,-683.010376
-0.846432,-828.943420
-0.850502,-778.427673
-0.854571,-762.084412
-0.858641,-799.734375
-0.862710,-681.873230
-0.866779,-800.084473
-0.870849,-848.022888
-0.874918,-779.153809
-0.878987,-844.452271
-0.883057,-831.432373
-0.887126,-738.462219
-0.891195,-668.404114
-0.895265,-671.179016
-0.899334,-812.672852
-0.903403,-865.978699
-0.907473,-725.123474
-0.911542,-738.337158
-0.915611,-837.003845
-0.919681,-799.438721
-0.923750,-805.061951
-0.927819,-686.799744
-0.931890,-680.401917
-0.935959,-792.289368
-0.940028,-681.482910
-0.944098,-806.402100
-0.948167,-814.348511
-0.952236,-710.751343
-0.956306,-635.364136
-0.960375,-670.399048
-0.964444,-659.170532
-0.968513,-635.569763
-0.972583,-856.417053
-0.976652,-676.711548
-0.980721,-738.121338
-0.984791,-666.719421
-0.988860,-589.056335
-0.992929,-822.742188
-0.996999,-749.377502
-1.001068,-865.142090
-1.005137,-837.892822
-1.009207,-769.610168
-1.013277,-736.500244
-1.017346,-679.546387
-1.021416,-678.900024
-1.025485,-751.826904
-1.029554,-798.586731
-1.033624,-744.635010
-1.037693,-720.336121
-1.041762,-735.968689
-1.045832,-731.269226
-1.049901,-730.616821
-1.053970,-637.365540
-1.058040,-929.464355
-1.062109,-836.387146
-1.066178,-811.018677
-1.070248,-687.705383
-1.074317,-759.382935
-1.078386,-831.006104
-1.082456,-769.716614
-1.086525,-732.402954
-1.090594,-823.694458
-1.094664,-618.487122
-1.098734,-771.524536
-1.102803,-683.598511
-1.106873,-649.121704
-1.110942,-720.867981
-1.115011,-763.931702
-1.119081,-639.992310
-1.123150,-740.853760
-1.127219,-726.431335
-1.131289,-863.062927
-1.135358,-782.055664
-1.139427,-639.598206
-1.143497,-780.734985
-1.147566,-1012.030823
-1.151635,-676.719299
-1.155704,-747.266846
-1.159774,-799.459839
-1.163843,-757.335083
-1.167912,-830.820068
-1.171982,-642.705505
-1.176051,-797.165771
-1.180121,-602.480591
-1.184191,-655.423401
-1.188260,-829.142761
-1.192329,-748.349304
-1.196399,-819.604614
-1.200468,-731.298218
-1.204537,-620.100586
-1.208607,-702.434875
-1.212676,-863.933472
-1.216745,-788.854980
-1.220815,-675.304016
-1.224884,-762.328308
-1.228953,-899.940186
-1.233023,-889.085632
-1.237092,-826.632324
-1.241161,-695.414551
-1.245231,-612.252625
-1.249300,-775.583374
-1.253369,-728.920532
-1.257439,-805.787659
-1.261509,-684.593140
-1.265578,-865.638306
-1.269648,-778.807556
-1.273717,-649.710144
-1.277786,-680.160583
-1.281856,-796.063904
-1.285925,-921.679016
-1.289994,-763.530884
-1.294064,-749.448486
-1.298133,-724.802551
-1.302202,-758.694763
-1.306272,-775.056091
-1.310341,-759.054993
-1.314410,-648.705017
-1.318480,-757.343079
-1.322549,-683.661438
-1.326618,-796.510315
-1.330688,-658.688538
-1.334757,-791.052063
-1.338826,-728.754028
-1.342896,-673.827881
-1.346966,-750.097839
-1.351035,-729.608398
-1.355104,-784.013977
-1.359174,-828.768127
-1.363243,-777.985107
-1.367312,-957.202209
-1.371382,-851.958252
-1.375451,-774.846558
-1.379520,-764.359009
-1.383590,-683.090759
-1.387659,-672.117249
-1.391728,-719.258728
-1.395798,-685.999451
-1.399867,-788.215515
-1.403936,-747.407410
-1.408006,-706.677307
-1.412075,-773.398071
-1.416144,-744.764404
-1.420214,-699.139099
-1.424284,-754.927795
-1.428353,-736.444641
-1.432423,-823.287964
-1.436492,-707.744385
-1.440561,-796.425476
-1.444631,-813.212402
-1.448700,-699.092529
-1.452768,-708.171936
-1.456839,-703.834351
-1.460907,-716.797058
-1.464977,-589.437439
-1.469048,-609.434692
-1.473116,-740.944214
-1.477186,-735.155151
-1.481255,-747.623047
-1.485325,-770.322571
-1.489393,-909.469238
-1.493464,-696.784363
-1.497532,-778.477112
-1.501602,-667.159607
-1.505671,-727.962280
-1.509741,-889.185303
-1.513809,-649.606750
-1.517879,-674.221741
-1.521948,-737.505554
-1.526018,-815.972656
-1.530087,-874.291077
-1.534157,-795.465698
-1.538225,-790.801453
-1.542295,-695.733643
-1.546366,-908.805176
-1.550434,-804.887878
-1.554504,-786.954285
-1.558573,-783.656189
-1.562643,-743.222656
-1.566711,-702.309387
-1.570782,-741.135986
-1.574850,-802.372986
-1.578920,-855.157959
-1.582989,-788.030151
-1.587059,-774.261597
-1.591127,-726.912292
-1.595198,-706.120605
-1.599266,-844.731750
-1.603336,-709.049500
-1.607405,-818.817078
-1.611475,-758.218140
-1.615543,-677.244202
-1.619614,-820.548767
-1.623682,-644.667236
-1.627752,-825.906677
-1.631823,-739.987000
-1.635891,-763.933044
-1.639961,-703.739380
-1.644030,-636.581116
-1.648100,-762.597778
-1.652168,-763.889526
-1.656239,-783.388550
-1.660307,-684.313965
-1.664377,-693.938171
-1.668446,-868.473206
-1.672516,-779.308716
-1.676584,-877.160828
-1.680655,-786.021973
-1.684723,-703.641602
-1.688793,-778.012878
-1.692862,-757.337708
-1.696932,-785.195313
-1.701000,-803.836426
-1.705070,-788.636169
-1.709141,-733.289429
-1.713209,-816.527222
-1.717279,-703.539246
-1.721348,-785.597839
-1.725418,-685.269104
-1.729486,-792.203125
-1.733557,-947.398438
-1.737625,-738.722595
-1.741695,-848.893005
-1.745764,-788.909729
-1.749834,-832.614319
-1.753902,-853.936340
-1.757973,-678.671387
-1.762041,-720.452209
-1.766111,-915.910156
-1.770180,-824.044250
-1.774250,-780.853027
-1.778318,-815.771057
-1.782389,-719.480591
-1.786457,-749.793030
-1.790527,-773.929871
-1.794598,-701.062317
-1.798666,-708.304321
-1.802736,-766.688660
-1.806805,-797.431458
-1.810875,-950.255798
-1.814943,-656.690430
-1.819014,-756.434570
-1.823082,-870.653564
-1.827152,-717.450073
-1.831221,-912.056335
-1.835291,-753.217834
-1.839359,-831.177673
-1.843430,-661.531189
-1.847498,-695.700012
-1.851568,-786.639343
-1.855637,-715.661316
-1.859707,-727.729370
-1.863775,-778.983093
-1.867846,-870.462280
-1.871916,-802.007751
-1.875984,-886.977783
-1.880054,-840.285461
-1.884123,-765.633972
-1.888193,-730.299438
-1.892262,-813.564941
-1.896332,-777.578430
-1.900400,-790.870850
-1.904470,-789.772278
-1.908539,-778.489929
-1.912609,-729.263062
-1.916677,-826.270142
-1.920748,-704.713562
-1.924816,-908.973877
-1.928886,-680.425293
-1.932955,-544.990601
-1.937025,-680.162292
-1.941093,-730.114746
-1.945164,-690.334900
-1.949232,-839.805481
-1.953302,-798.252930
-1.957373,-796.846985
-1.961441,-839.214172
-1.965511,-702.947266
-1.969580,-746.153564
-1.973650,-676.351135
-1.977718,-916.653320
-1.981789,-727.616211
-1.985857,-737.633423
-1.989927,-793.365417
-1.993996,-802.067566
-1.998066,-626.211792
-2.002134,-599.053589
-2.006205,-613.270203
-2.010273,-793.448120
-2.014343,-875.609802
-2.018412,-736.922485
-2.022482,-785.612122
-2.026550,-696.758240
-2.030621,-790.771851
-2.034691,-750.538757
-2.038759,-758.039429
-2.042830,-736.656250
-2.046898,-719.312988
-2.050968,-767.446472
-2.055037,-826.160645
-2.059107,-726.683044
-2.063175,-710.471252
-2.067245,-841.575806
-2.071314,-859.884521
-2.075384,-766.003601
-2.079453,-754.768677
-2.083523,-824.899475
-2.087591,-864.731323
-2.091661,-839.763184
-2.095730,-859.201355
-2.099800,-784.900696
-2.103868,-671.682190
-2.107939,-756.107788
-2.112007,-745.351318
