14.145142,-852.346924
14.141072,-610.340271
14.137003,-608.354004
14.132934,-616.512268
14.128864,-615.922485
14.124795,-608.477356
14.120726,-633.176086
14.116656,-618.737183
14.112587,-623.114441
14.108518,-609.088562
14.104448,-623.028809
14.100378,-629.809387
14.096309,-616.278809
14.092239,-597.463989
14.088170,-626.141724
14.084101,-610.615234
14.080031,-618.782410
14.075962,-620.018555
14.071893,-613.973022
14.067823,-627.088318
14.063754,-623.596191
14.059685,-614.825012
14.055615,-647.484253
14.051546,-644.447449
14.047477,-627.986328
14.043407,-617.174622
14.039338,-604.958069
14.035269,-619.317566
14.031199,-611.590088
14.027130,-613.411377
14.023061,-616.517761
14.018991,-618.491760
14.014921,-628.929077
14.010852,-612.020386
14.006783,-597.281311
14.002713,-619.582703
13.998644,-606.898743
13.994575,-641.588928
13.990505,-625.390198
13.986436,-622.143372
13.982367,-639.555908
13.978297,-619.412170
13.974228,-622.242065
13.970159,-576.213684
13.966089,-613.950623
13.962020,-609.664429
13.957951,-626.255615
13.953881,-607.636169
13.949812,-613.350769
13.945743,-625.763489
13.941673,-623.157104
13.937604,-636.045044
13.933535,-631.571106
13.929464,-637.336121
13.925395,-626.200256
13.921326,-610.754211
13.917256,-613.162292
13.913187,-614.610840
13.909118,-592.033264
13.905048,-633.317505
13.900979,-616.757996
13.896910,-629.347595
13.892840,-650.553101
13.888771,-637.078857
13.884702,-639.204895
13.880632,-631.841675
13.876563,-620.657837
13.872494,-608.989990
13.868424,-639.772766
13.864355,-641.216125
13.860286,-611.819946
13.856216,-622.672974
13.852147,-625.559692
13.848078,-621.719055
13.844007,-625.723755
13.839938,-630.512512
13.835869,-627.247253
13.831800,-612.246216
13.827730,-634.386414
13.823661,-620.321045
13.819592,-618.684143
13.815522,-619.007996
13.811453,-632.000916
13.807384,-604.982544
13.803314,-642.459045
13.799245,-620.257874
13.795176,-632.402405
13.791106,-616.856934
13.787037,-613.121399
13.782968,-629.716064
13.778898,-630.439941
13.774829,-641.744751
13.770760,-603.559631
13.766690,-619.618164
13.762621,-626.765930
13.758551,-603.463806
13.754481,-623.844910
13.750412,-622.593811
13.746343,-624.913452
13.742273,-603.571960
13.738204,-606.674805
13.734135,-635.147034
13.730065,-618.648376
13.725996,-655.877808
13.721927,-631.339844
13.717857,-606.184082
13.713788,-626.351929
13.709719,-617.471252
13.705649,-626.037659
13.701580,-637.221741
13.697511,-617.296143
13.693441,-608.426086
13.689372,-611.559631
13.685303,-636.366028
13.681233,-620.207886
13.677164,-628.118103
13.673094,-634.129456
13.669024,-606.154968
13.664955,-601.754456
13.660886,-634.014587
13.656816,-630.317017
13.652747,-615.092407
13.648678,-625.092468
13.644608,-615.677856
13.640539,-643.677429
13.636470,-614.749573
13.632401,-656.503906
13.628331,-629.643555
13.624262,-608.363525
13.620193,-625.958557
13.616123,-632.541138
13.612054,-629.840515
13.607985,-607.921326
13.603915,-641.189514
13.599846,-614.434631
13.595777,-607.839722
13.591707,-623.245544
13.587637,-619.975769
13.583568,-617.681824
13.579498,-618.292053
13.575429,-606.688049
13.571360,-586.270386
13.567290,-616.619873
13.563221,-609.786133
13.559152,-642.420715
13.555082,-627.282288
13.551013,-614.808533
13.546944,-619.501526
13.542874,-628.789795
13.538805,-610.797119
13.534736,-619.958740
13.530666,-625.823730
13.526597,-633.813416
13.522528,-629.371460
13.518458,-608.488892
13.514389,-612.979004
13.510320,-616.280273
13.506250,-607.895020
13.502180,-620.115234
13.498111,-610.019348
13.494041,-630.733521
13.489972,-604.192017
13.485903,-603.523682
13.481833,-597.595886
13.477764,-563.558472
13.473695,-584.936829
13.469625,-597.122620
13.465556,-625.694214
13.461487,-643.898315
13.457417,-643.610596
13.453348,-629.324707
13.449279,-618.114075
13.445210,-598.864868
13.441140,-624.458679
13.437071,-599.149353
13.433002,-625.293274
13.428932,-624.233215
13.424862,-614.389709
13.420794,-623.771179
13.416723,-629.249329
13.412654,-641.090027
13.408585,-613.136597
13.404515,-629.382690
13.400446,-627.046631
13.396377,-636.516113
13.392307,-623.040466
13.388238,-659.249573
13.384169,-636.984985
13.380099,-627.147400
13.376030,-631.387939
13.371961,-622.526245
13.367891,-618.425720
13.363822,-624.271484
13.359753,-609.377258
13.355683,-617.591003
13.351614,-635.415771
13.347545,-626.864685
13.343475,-615.643005
13.339405,-618.738892
13.335337,-631.008057
13.331266,-633.053467
13.327197,-621.403503
13.323128,-620.893494
13.319058,-633.696838
13.314989,-643.984863
13.310920,-620.405151
13.306850,-618.264587
13.302781,-622.191101
13.298712,-626.924500
13.294642,-634.196777
13.290573,-609.062195
13.286504,-625.171082
13.282434,-635.556763
13.278365,-647.431519
13.274296,-627.270752
13.270226,-630.940247
13.266157,-635.583191
13.262088,-630.457947
13.258018,-632.258728
13.253948,-627.073547
13.249880,-622.598511
13.245810,-635.740662
13.241740,-632.992310
13.237671,-620.809509
13.233602,-620.558228
13.229532,-635.508179
13.225463,-602.063538
13.221394,-607.453003
13.217324,-617.048767
13.213255,-628.249146
13.209186,-616.321167
13.205116,-608.908691
13.201047,-641.809143
13.196978,-632.256653
13.192908,-634.262207
13.188839,-635.392944
13.184770,-626.381714
13.180700,-638.599365
13.176631,-621.579285
13.172562,-599.707275
13.168491,-634.209473
13.164422,-642.625977
13.160353,-657.209106
13.156283,-636.737976
13.152214,-641.606628
13.148145,-649.026123
13.144075,-646.160217
13.140006,-641.886414
13.135937,-635.437500
13.131867,-640.740906
13.127798,-663.197510
13.123729,-636.713623
13.119659,-632.229675
13.115590,-601.322083
13.111521,-631.077881
13.107451,-617.634949
13.103382,-632.224548
13.099313,-653.173401
13.095243,-658.664673
13.091174,-627.063538
13.087105,-655.683228
13.083035,-636.091248
13.078966,-604.984192
13.074896,-618.184143
13.070827,-621.544006
13.066757,-621.496948
13.062688,-597.515625
13.058619,-634.955933
13.054549,-609.993469
13.050480,-625.230713
13.046411,-625.124512
13.042341,-617.946777
13.038272,-627.320496
13.034203,-606.975708
13.030133,-607.809814
13.026064,-614.857849
13.021995,-633.525146
13.017925,-621.079041
13.013856,-624.545837
13.009787,-643.622498
13.005717,-629.350647
13.001648,-615.999146
12.997578,-634.498291
12.993509,-628.137817
12.989439,-629.725037
12.985370,-629.164673
12.981300,-619.983887
12.977231,-616.798401
12.973162,-620.367249
12.969092,-616.631836
12.965023,-633.789734
12.960954,-622.339233
12.956884,-618.946228
12.952815,-617.715454
12.948746,-628.394165
12.944676,-603.448120
12.940607,-642.712402
12.936538,-628.471252
12.932468,-615.881653
12.928399,-629.831604
12.924330,-639.722351
12.920260,-604.813782
12.916191,-624.749634
12.912121,-623.744873
12.908052,-629.023071
12.903982,-613.551331
12.899913,-628.070984
12.895844,-626.988953
12.891774,-618.133179
12.887705,-620.630188
12.883636,-619.101318
12.879566,-630.206360
12.875497,-632.246643
12.871428,-628.887817
12.867358,-627.374146
12.863289,-626.217773
12.859220,-613.377747
12.855150,-629.474792
12.851081,-636.167419
12.847012,-640.178345
12.842942,-643.450989
12.838873,-629.020691
12.834804,-632.997009
12.830734,-641.248596
12.826664,-626.816040
12.822596,-641.693176
12.818525,-628.979370
12.814456,-639.444397
12.810387,-625.990173
12.806317,-625.479309
12.802248,-641.359070
12.798179,-641.117920
12.794109,-619.355835
12.790040,-630.239258
12.785971,-635.079285
12.781901,-653.260498
12.777832,-640.900024
12.773763,-627.889221
12.769693,-639.011475
12.765624,-629.991943
12.761555,-625.692078
12.757485,-639.911011
12.753416,-645.446533
12.749347,-636.247314
12.745277,-636.225037
12.741207,-618.825867
12.737139,-645.829895
12.733068,-642.735413
12.728999,-614.895813
12.724930,-660.043457
12.720860,-647.473267
12.716791,-630.436951
12.712722,-634.378296
12.708652,-616.930969
12.704583,-645.210815
12.700514,-631.358398
12.696445,-638.979980
12.692375,-663.309631
12.688306,-643.791748
12.684237,-619.098022
12.680167,-613.195251
12.676098,-654.728088
12.672029,-630.550720
12.667959,-601.788330
12.663890,-612.658569
12.659821,-628.108643
12.655750,-643.228455
12.651682,-644.686279
12.647612,-627.829163
12.643542,-622.877869
12.639473,-632.877075
12.635404,-641.713379
12.631334,-630.787903
12.627265,-650.245972
12.623196,-643.562927
12.619126,-631.466980
12.615057,-632.630249
12.610988,-629.335876
12.606918,-625.515991
12.602849,-648.702881
12.598780,-652.339111
12.594710,-621.791626
12.590641,-616.783203
12.586572,-644.046875
12.582502,-638.255371
12.578433,-641.079651
12.574364,-641.053711
12.570293,-628.749878
12.566224,-645.607910
12.562155,-640.867004
12.558085,-639.005737
12.554016,-648.713745
12.549947,-611.775696
12.545877,-629.235413
12.541808,-632.856750
12.537739,-629.629883
12.533669,-624.964050
12.529600,-647.277405
12.525531,-651.301514
12.521461,-655.355713
12.517392,-628.855835
12.513323,-630.628296
12.509254,-618.800110
12.505184,-656.572266
12.501115,-613.990845
12.497046,-632.301758
12.492976,-634.308533
12.488907,-632.638550
12.484837,-645.772217
12.480767,-627.824707
12.476698,-633.777710
12.472629,-627.653931
12.468559,-635.748596
12.464490,-634.019104
12.460421,-624.821106
12.456351,-642.614075
12.452282,-627.166504
12.448213,-634.325928
12.444143,-627.001343
12.440074,-623.963501
12.436005,-624.384399
12.431935,-642.380371
12.427866,-635.552795
12.423797,-628.047363
12.419727,-634.354736
12.415658,-603.577576
12.411589,-642.730713
12.407519,-650.760559
12.403450,-635.779114
12.399380,-645.478699
12.395310,-629.623108
12.391241,-631.689880
12.387172,-616.834778
12.383102,-618.219360
12.379033,-612.819946
12.374964,-622.063110
12.370894,-622.535522
12.366825,-612.131165
12.362756,-606.365051
12.358686,-616.091125
12.354617,-629.955322
12.350548,-626.315857
12.346478,-631.354675
12.342409,-637.800293
12.338340,-634.013245
12.334270,-627.462769
12.330201,-637.769775
12.326132,-606.767578
12.322062,-630.124817
12.317993,-620.976074
12.313923,-634.094116
12.309854,-611.371887
12.305784,-614.752136
12.301715,-640.973877
12.297646,-619.950684
12.293576,-620.872437
12.289507,-610.128601
12.285438,-603.932434
12.281368,-625.072510
12.277299,-639.460266
12.273230,-625.325928
12.269160,-635.092468
12.265091,-632.956421
12.261022,-639.087830
12.256952,-607.073914
12.252883,-636.066467
12.248814,-617.360535
12.244744,-641.164978
12.240675,-621.454468
12.236605,-626.221130
12.232536,-626.489685
12.228466,-623.621887
12.224397,-627.498474
12.220327,-593.201782
12.216258,-610.236877
12.212189,-593.439087
12.208119,-616.878357
12.204050,-605.522705
12.199981,-595.384460
12.195911,-602.729614
12.191842,-605.152527
12.187773,-598.318604
12.183703,-585.450195
12.179634,-573.407898
12.175565,-563.585327
12.171495,-568.418701
12.167426,-540.612793
12.163357,-506.178162
12.159287,-479.014313
12.155218,-528.178284
12.151148,-550.676025
12.147079,-599.172424
12.143009,-615.441101
12.138941,-620.456909
12.134871,-633.658630
12.130801,-646.324707
12.126732,-637.800476
12.122663,-619.094849
12.118593,-647.585754
12.114524,-658.413452
12.110455,-636.843933
12.106385,-634.174561
12.102316,-640.887146
12.098247,-651.266418
12.094177,-641.295837
12.090108,-625.126648
12.086039,-636.215271
12.081969,-642.688354
12.077900,-630.210510
12.073831,-649.113281
12.069761,-633.758362
12.065691,-663.079346
12.061623,-655.965942
12.057552,-641.750061
12.053484,-635.112793
12.049414,-639.552002
12.045344,-626.729431
12.041275,-648.327332
12.037206,-655.322571
12.033136,-641.278870
12.029067,-649.026489
12.024998,-642.676880
12.020928,-659.066162
12.016859,-637.006775
12.012790,-662.756714
12.008720,-633.629578
12.004651,-655.586670
12.000582,-661.174561
11.996512,-632.119446
11.992443,-629.860962
11.988374,-636.789917
11.984304,-671.068909
11.980234,-630.689575
11.976166,-636.556396
11.972095,-675.407715
11.968027,-645.210083
11.963957,-647.669800
11.959888,-663.109131
11.955818,-641.377258
11.951749,-673.286682
11.947680,-631.700562
11.943610,-644.555725
11.939541,-656.634888
11.935472,-634.945618
11.931402,-597.511414
11.927333,-648.682495
11.923264,-645.420532
11.919194,-630.933167
11.915125,-623.067078
11.911056,-625.732239
11.906986,-661.779114
11.902917,-616.988953
11.898848,-641.838501
11.894777,-630.528564
11.890709,-624.468506
11.886639,-645.104126
11.882570,-622.553528
11.878500,-637.248779
11.874431,-661.174438
11.870361,-650.215698
11.866292,-643.105530
11.862223,-643.099304
11.858153,-620.725220
11.854084,-652.829590
11.850015,-647.113770
11.845945,-662.854553
11.841876,-638.493774
11.837807,-656.009827
11.833737,-643.209717
11.829668,-619.923523
11.825599,-638.308533
11.821529,-651.192017
11.817460,-646.160706
11.813391,-622.495239
11.809320,-656.294373
11.805252,-656.483032
11.801182,-648.299622
11.797113,-634.224854
11.793043,-625.696655
11.788974,-632.777039
11.784904,-631.489197
11.780835,-644.040222
11.776766,-636.459534
11.772696,-629.436768
11.768627,-624.261658
11.764558,-661.624146
11.760489,-639.981812
11.756419,-629.919495
11.752350,-623.256165
11.748281,-628.905212
11.744211,-648.944336
11.740142,-627.134460
11.736073,-626.215210
11.732002,-643.159363
11.727934,-663.929321
11.723864,-647.389465
11.719795,-635.682922
11.715725,-640.644836
11.711657,-634.802490
11.707586,-648.887207
11.703517,-652.028320
11.699448,-651.972229
11.695378,-661.276611
11.691309,-630.631470
11.687240,-635.905945
11.683170,-624.973389
11.679101,-637.212036
11.675032,-625.316467
11.670962,-638.105042
11.666893,-637.239197
11.662824,-622.557983
11.658754,-629.779602
11.654685,-641.595703
11.650616,-627.356873
11.646545,-632.755432
11.642477,-634.309998
11.638407,-649.991272
11.634338,-625.733032
11.630268,-656.986816
11.626200,-641.276001
11.622129,-656.838623
11.618060,-661.727173
11.613991,-654.837891
11.609921,-635.097900
11.605852,-647.911438
11.601783,-638.325256
11.597713,-629.462402
11.593644,-647.809082
11.589575,-645.282532
11.585505,-633.772705
11.581436,-633.872009
11.577367,-643.761719
11.573298,-614.846985
11.569228,-654.478516
11.565159,-647.461975
11.561089,-616.840149
11.557020,-627.256165
11.552950,-641.281677
11.548882,-632.604370
11.544811,-643.728027
11.540743,-645.410339
11.536673,-643.832153
11.532603,-653.133850
11.528534,-645.340210
11.524465,-659.719971
11.520395,-650.164368
11.516326,-637.845642
11.512257,-622.740723
11.508187,-641.718567
11.504118,-646.920593
11.500049,-661.288574
11.495979,-640.072876
11.491910,-648.546326
11.487841,-619.972473
11.483771,-633.364197
11.479702,-628.682373
11.475632,-629.862061
11.471563,-634.996826
11.467493,-640.832886
11.463425,-659.780396
11.459354,-643.319397
11.455285,-652.042419
11.451216,-656.426086
11.447146,-624.662842
11.443077,-647.230652
11.439008,-644.522461
11.434938,-644.836731
11.430869,-650.173950
11.426800,-638.295593
11.422730,-674.384277
11.418661,-651.601074
11.414592,-624.002991
11.410522,-618.977234
11.406453,-638.854980
11.402384,-638.538025
11.398314,-625.970398
11.394245,-630.890320
11.390175,-633.238220
11.386106,-648.102600
11.382036,-638.780151
11.377968,-630.880737
11.373898,-647.533447
11.369828,-670.273071
11.365759,-655.985840
11.361690,-655.291504
11.357620,-649.861328
11.353551,-645.609619
11.349482,-636.557800
11.345412,-646.270752
11.341343,-646.555725
11.337274,-646.051575
11.333204,-655.105896
11.329135,-659.294800
11.325066,-653.710815
11.320996,-643.308777
11.316927,-636.140930
11.312858,-651.434814
11.308788,-635.454773
11.304718,-647.979980
11.300650,-647.898743
11.296579,-659.780457
11.292511,-650.485229
11.288441,-662.278137
11.284371,-620.739136
11.280302,-653.348755
11.276233,-624.373413
11.272163,-625.914490
11.268094,-653.707214
11.264025,-657.808960
11.259955,-626.887573
11.255886,-640.887329
11.251817,-641.229858
11.247747,-652.443848
11.243678,-630.882019
11.239609,-641.617126
11.235539,-631.375122
11.231470,-635.498657
11.227401,-627.667480
11.223331,-617.930603
11.219261,-651.602539
11.215193,-621.663269
11.211123,-649.610291
11.207054,-648.047424
11.202984,-649.870605
11.198915,-685.495911
11.194845,-661.945496
11.190776,-663.012451
11.186707,-628.196045
11.182637,-645.464355
11.178568,-651.556519
11.174499,-656.930237
11.170429,-645.722107
11.166360,-659.572510
11.162291,-651.802979
11.158221,-628.794250
11.154152,-643.288818
11.150083,-659.641785
11.146013,-649.598206
11.141944,-644.311646
11.137875,-642.067017
11.133804,-664.295715
11.129736,-651.972900
11.125666,-640.561279
11.121597,-633.693298
11.117527,-628.422363
11.113458,-663.363586
11.109388,-656.816101
11.105319,-641.777832
11.101250,-631.868958
11.097180,-644.049316
11.093111,-655.032349
11.089042,-640.400574
11.084972,-639.136047
11.080903,-649.772522
11.076834,-660.129944
11.072764,-643.640747
11.068695,-607.120972
11.064626,-619.538635
11.060556,-615.942322
11.056487,-646.142395
11.052418,-645.757080
11.048347,-646.814697
11.044279,-662.287170
11.040209,-657.917175
11.036140,-675.768005
11.032070,-486.075287
11.028001,-604.278992
11.023932,-643.128723
11.019862,-626.678894
11.015793,-636.689148
11.011724,-645.289795
11.007654,-618.400269
11.003585,-626.869507
10.999516,-645.197998
10.995446,-625.733521
10.991377,-659.494202
10.987308,-655.188904
10.983238,-642.993347
10.979169,-646.639832
10.975100,-626.563965
10.971030,-656.006226
10.966961,-651.525024
10.962891,-645.175171
10.958822,-649.281189
10.954752,-643.570313
10.950684,-629.427612
10.946613,-653.635681
10.942544,-657.444885
10.938475,-645.074951
10.934405,-646.924072
10.930336,-631.706299
10.926267,-643.259277
10.922197,-644.959412
10.918128,-646.304749
10.914059,-640.281555
10.909989,-642.010376
10.905920,-670.261169
10.901851,-620.853271
10.897781,-621.660889
10.893712,-635.891479
10.889643,-637.650818
10.885573,-642.807312
10.881504,-643.564209
10.877434,-647.887146
10.873365,-628.033875
10.869295,-643.230164
10.865227,-628.353149
10.861156,-621.679688
10.857087,-643.019897
10.853018,-642.236023
10.848948,-642.455750
10.844879,-660.550598
10.840810,-648.439758
10.836740,-663.857483
10.832671,-640.721558
10.828602,-643.152771
10.824533,-657.595886
10.820463,-656.217773
10.816394,-652.208984
10.812325,-650.027222
10.808255,-662.393677
10.804186,-650.735596
10.800117,-643.470581
10.796047,-642.195374
10.791977,-627.311401
10.787909,-638.553345
10.783838,-637.916260
10.779770,-655.530762
10.775700,-642.749634
10.771630,-638.544128
10.767561,-645.828430
10.763492,-665.409485
10.759422,-596.683044
10.755353,-620.008057
10.751284,-647.980103
10.747214,-645.718811
10.743145,-644.695068
10.739076,-652.191101
10.735006,-640.892273
10.730937,-631.663818
10.726868,-627.720032
10.722798,-638.666138
10.718729,-629.725037
10.714660,-656.358765
10.710590,-643.515747
10.706520,-643.527283
10.702452,-644.862366
10.698381,-652.318848
10.694313,-628.527039
10.690243,-650.045776
10.686173,-666.674988
10.682104,-665.613525
10.678035,-654.875244
10.673965,-634.895691
10.669896,-651.549011
10.665827,-631.950012
10.661757,-638.100830
10.657688,-628.977478
10.653619,-640.131470
10.649549,-656.437256
10.645480,-668.460449
10.641411,-648.197388
10.637341,-627.865784
10.633272,-645.292297
10.629203,-616.468811
10.625134,-637.702087
10.621063,-664.404785
10.616995,-624.198608
10.612925,-617.304871
10.608856,-620.972900
10.604786,-634.977844
10.600717,-653.185852
10.596647,-648.205200
10.592578,-643.811829
10.588509,-624.304016
10.584439,-638.268127
10.580370,-650.394592
10.576301,-626.764221
10.572231,-619.681091
10.568162,-648.257202
10.564093,-627.463135
10.560023,-626.122009
10.555954,-629.677368
10.551885,-657.672119
10.547815,-632.744812
10.543746,-645.537903
10.539677,-641.684753
10.535606,-644.702515
10.531538,-658.673645
10.527468,-633.817444
10.523399,-621.973511
10.519329,-667.465027
10.515260,-645.851013
10.511190,-646.477478
10.507121,-637.890259
10.503052,-646.533875
10.498982,-655.105103
10.494913,-654.481140
10.490844,-637.138428
10.486774,-652.915100
10.482705,-659.409058
10.478636,-621.525513
10.474566,-633.490601
10.470497,-633.921509
10.466428,-640.725220
10.462358,-655.751526
10.458289,-629.843872
10.454220,-623.444824
10.450150,-658.446655
10.446081,-660.798218
10.442011,-664.179199
10.437943,-632.890015
10.433872,-646.724609
10.429803,-648.862244
10.425734,-665.110535
10.421664,-670.270386
10.417595,-658.760315
10.413526,-621.131104
10.409456,-672.945496
10.405387,-650.410522
10.401318,-648.977295
10.397248,-654.119263
10.393179,-648.150208
10.389110,-667.061829
10.385040,-654.035522
10.380971,-637.822021
10.376902,-641.411194
10.372832,-687.108154
10.368763,-667.236877
10.364693,-658.144470
10.360624,-664.743469
10.356554,-664.038635
10.352486,-652.175415
10.348415,-657.229980
10.344346,-657.828735
10.340277,-628.496948
10.336207,-644.892944
10.332138,-634.257446
10.328069,-666.080139
10.323999,-670.679199
10.319930,-654.685852
10.315861,-669.258057
10.311791,-689.980896
10.307722,-684.425049
10.303653,-789.508362
10.299583,-772.467651
10.295514,-658.791931
10.291445,-630.942810
10.287375,-660.298401
10.283306,-625.490845
10.279236,-630.560364
10.275167,-626.993042
10.271097,-650.890625
10.267029,-631.539551
10.262959,-627.914734
10.258889,-663.301453
10.254820,-663.356873
10.250751,-648.321899
10.246681,-645.634094
10.242612,-646.983398
10.238543,-639.793945
10.234473,-652.406372
10.230404,-623.872009
10.226335,-656.436279
10.222265,-680.144836
10.218196,-652.017883
10.214127,-660.602173
10.210057,-677.190002
10.205988,-639.344360
10.201919,-663.273376
10.197849,-662.114441
10.193779,-647.427979
10.189711,-646.067078
10.185640,-642.225952
10.181572,-635.521301
10.177502,-649.273682
10.173432,-668.124146
10.169363,-684.894714
10.165294,-655.598877
10.161224,-663.393494
10.157155,-651.983154
10.153086,-655.217651
10.149016,-634.076477
10.144947,-635.075012
10.140878,-647.460144
10.136808,-670.425476
10.132739,-678.065491
10.128670,-694.306274
10.124599,-668.469666
10.120531,-662.341614
10.116461,-617.583313
10.112392,-627.320618
10.108322,-642.892944
10.104254,-641.507629
10.100183,-606.009033
10.096115,-644.680603
10.092045,-599.666260
10.087976,-650.829834
10.083906,-661.942932
10.079837,-633.272827
10.075768,-639.451599
10.071698,-643.820007
10.067629,-641.208679
10.063560,-643.049072
10.059490,-644.140747
10.055421,-653.610779
10.051352,-622.347473
10.047282,-638.674377
10.043213,-638.669861
10.039143,-667.538879
10.035074,-639.252136
10.031004,-635.472717
10.026936,-630.462280
10.022865,-640.965149
10.018797,-645.084106
10.014727,-645.821594
10.010658,-644.304626
10.006588,-643.536255
10.002520,-658.852844
9.998449,-651.359009
9.994380,-640.317932
9.990311,-645.303589
9.986241,-618.344788
9.982172,-651.972900
9.978103,-639.569641
9.974033,-632.673767
9.969964,-644.376221
9.965895,-656.738770
9.961825,-633.667908
9.957756,-625.986206
9.953686,-644.722717
9.949617,-653.053467
9.945547,-654.247681
9.941479,-659.714905
9.937408,-629.993225
9.933340,-644.038147
9.929270,-642.343201
9.925201,-677.002563
9.921131,-639.557678
9.917063,-645.581909
9.912992,-651.619324
9.908923,-647.372559
9.904854,-646.175537
9.900784,-661.494202
9.896715,-673.176208
9.892646,-657.089172
9.888577,-614.289063
9.884507,-668.303711
9.880438,-626.717346
9.876369,-647.388916
9.872299,-645.028137
9.868229,-644.043457
9.864161,-651.118591
9.860090,-643.194824
9.856022,-640.655151
9.851952,-617.775208
9.847883,-635.137634
9.843813,-640.293030
9.839745,-658.894653
9.835674,-646.764832
9.831606,-647.918213
9.827536,-627.665466
9.823466,-655.368469
9.819397,-651.975464
9.815328,-639.856812
9.811258,-603.259705
9.807189,-668.247192
9.803120,-650.570129
9.799050,-641.070190
9.794981,-662.281738
9.790912,-650.831482
9.786842,-649.527344
9.782772,-645.296326
9.778704,-636.808716
9.774633,-649.353394
9.770565,-642.884888
9.766495,-656.245300
9.762426,-645.364441
9.758356,-642.529053
9.754288,-645.965210
9.750217,-658.640808
9.746149,-634.743408
9.742079,-653.620239
9.738009,-644.547485
9.733940,-650.641235
9.729871,-617.408081
9.725801,-663.869263
9.721732,-649.425903
9.717663,-648.806030
9.713593,-670.002441
9.709524,-623.769470
9.705455,-635.352478
9.701385,-654.097046
9.697315,-639.394470
9.693247,-653.467346
9.689177,-673.506653
9.685108,-644.889832
9.681038,-634.979675
9.676970,-668.300415
9.672899,-640.597351
9.668831,-650.316345
9.664761,-667.971558
9.660692,-651.282166
9.656622,-643.170410
9.652553,-650.729980
9.648483,-662.861572
9.644414,-640.666687
9.640345,-658.084412
9.636275,-665.805359
9.632206,-638.335754
9.628137,-646.266174
9.624067,-641.347961
9.619998,-654.522949
9.615929,-640.552979
9.611858,-645.848877
9.607790,-622.907288
9.603720,-651.626892
9.599651,-657.055908
9.595581,-650.966248
9.591513,-642.618774
9.587442,-631.330872
9.583374,-662.571228
9.579304,-643.469299
9.575235,-662.889709
9.571165,-643.003296
9.567096,-644.983704
9.563026,-634.213745
9.558957,-672.312134
9.554888,-668.170044
9.550818,-657.784302
9.546749,-659.724670
9.542680,-638.119080
9.538610,-660.262451
9.534541,-634.320557
9.530472,-647.628052
9.526402,-651.150085
9.522333,-651.143250
9.518263,-635.062866
9.514194,-650.598755
9.510124,-630.089783
9.506056,-662.993042
9.501986,-653.026550
9.497917,-657.825073
9.493847,-661.006409
9.489779,-645.545837
9.485708,-643.453125
9.481639,-675.433228
9.477570,-644.278687
9.473500,-646.682556
9.469431,-654.145752
9.465362,-657.780151
9.461292,-613.844788
9.457223,-642.919922
9.453154,-659.062317
9.449084,-663.564819
9.445015,-658.498047
9.440945,-659.959412
9.436876,-650.088562
9.432806,-652.565796
9.428738,-676.414246
9.424667,-655.438110
9.420599,-646.911072
9.416529,-640.617920
9.412460,-681.964172
9.408390,-651.092468
9.404322,-663.370422
9.400251,-673.909058
9.396182,-646.931091
9.392113,-645.904541
9.388043,-640.738953
9.383974,-642.743286
9.379905,-632.088684
9.375835,-656.582092
9.371766,-649.594482
9.367697,-665.396057
9.363627,-687.871704
9.359558,-639.138062
9.355488,-653.369934
9.351419,-656.302551
9.347349,-660.467468
9.343281,-658.458984
9.339211,-658.135071
9.335142,-652.426880
9.331072,-654.477478
9.327003,-619.653259
9.322933,-661.033630
9.318864,-630.915588
9.314795,-648.694702
9.310725,-644.079285
9.306656,-631.615295
9.302587,-652.971436
9.298517,-629.328369
9.294448,-638.991211
9.290379,-637.514709
9.286309,-666.026123
9.282240,-633.696655
9.278171,-659.640259
9.274101,-641.439087
9.270031,-663.450989
9.265963,-636.194092
9.261892,-668.920532
9.257824,-660.424988
9.253754,-651.270142
9.249685,-655.875366
9.245615,-661.327942
9.241547,-662.210815
9.237476,-643.728760
9.233407,-639.247742
9.229338,-638.552795
9.225268,-640.904480
9.221199,-624.753723
9.217130,-643.930176
9.213060,-632.535400
9.208991,-663.892822
9.204922,-679.669189
9.200852,-686.096558
9.196783,-638.813599
9.192714,-677.561096
9.188644,-671.359985
9.184574,-667.280579
9.180506,-671.961731
9.176435,-680.091675
9.172367,-681.744202
9.168297,-687.614380
9.164228,-672.128235
9.160158,-669.378784
9.156090,-682.006287
9.152020,-670.190735
9.147950,-675.010620
9.143881,-696.722839
9.139812,-666.364685
9.135742,-690.766602
9.131673,-673.816284
9.127604,-700.260010
9.123534,-706.060974
9.119465,-693.129150
9.115396,-689.824280
9.111326,-677.702332
9.107257,-692.134155
9.103188,-690.244263
9.099117,-687.308594
9.095049,-699.460999
9.090979,-692.089050
9.086910,-683.824585
9.082840,-704.504395
9.078772,-708.350281
9.074701,-704.990723
9.070633,-700.567078
9.066563,-695.767944
9.062493,-700.761902
9.058424,-721.855408
9.054355,-705.779724
9.050285,-701.926514
9.046216,-702.666016
9.042147,-713.858337
9.038077,-718.991150
9.034008,-745.804504
9.029939,-735.842712
9.025869,-728.863892
9.021800,-762.909973
9.017731,-794.265869
9.013660,-804.433655
9.009592,-826.829102
9.005522,-859.433716
9.001453,-889.020447
8.997383,-930.241699
8.993315,-1136.838867
8.989244,-1561.825928
8.985176,-1932.826294
8.981106,-1227.186035
8.977036,-769.416199
8.972967,-641.160583
8.968898,-587.561340
8.964828,-563.787964
8.960759,-579.459900
8.956690,-595.082703
8.952621,-584.534424
8.948551,-588.371216
8.944482,-598.141907
8.940413,-599.542786
8.936343,-583.197998
8.932274,-583.374023
8.928204,-590.920898
8.924135,-609.501099
8.920065,-578.423645
8.915997,-591.469788
8.911926,-589.109131
8.907858,-611.475830
8.903788,-620.758484
8.899719,-608.791321
8.895649,-607.465881
8.891580,-626.540955
8.887510,-612.575989
8.883441,-622.618958
8.879372,-611.105530
8.875302,-623.007874
8.871233,-619.079712
8.867164,-626.426819
8.863094,-632.919189
8.859025,-605.864502
8.854956,-638.853638
8.850885,-615.183044
8.846817,-610.518494
8.842747,-616.263611
8.838678,-589.615845
8.834608,-645.156616
8.830540,-627.283875
8.826469,-601.830750
8.822401,-627.820007
8.818331,-629.257263
8.814262,-602.463379
8.810192,-608.316223
8.806123,-625.710510
8.802053,-633.115662
8.797984,-618.117004
8.793915,-636.362061
8.789845,-623.874084
8.785776,-609.912231
8.781707,-612.846008
8.777637,-631.963806
8.773568,-632.406372
8.769499,-601.425415
8.765429,-610.924683
8.761360,-655.430420
8.757290,-636.476135
8.753222,-624.339539
8.749151,-635.274841
8.745083,-621.723572
8.741013,-643.388611
8.736944,-624.101501
8.732874,-652.586060
8.728806,-669.052246
8.724735,-635.851807
8.720666,-629.438232
8.716597,-639.100708
8.712527,-646.869873
8.708458,-626.108276
8.704389,-630.725159
8.700319,-641.729370
8.696250,-615.210083
8.692181,-647.787537
8.688111,-627.680603
8.684042,-618.427002
8.679972,-629.799805
8.675903,-623.054810
8.671833,-637.711182
8.667765,-647.029968
8.663694,-650.604370
8.659626,-641.741821
8.655556,-630.891479
8.651487,-637.530090
8.647417,-649.499207
8.643349,-661.523376
8.639278,-648.320190
8.635209,-662.683472
8.631140,-670.324524
8.627070,-655.899597
8.623001,-637.284058
8.618932,-639.545898
8.614862,-634.517029
8.610793,-638.590271
8.606724,-631.295410
8.602654,-640.181030
8.598585,-654.115051
8.594515,-644.403442
8.590446,-638.047119
8.586376,-634.161987
8.582308,-645.278748
8.578238,-648.665100
8.574169,-647.976501
8.570099,-631.567993
8.566031,-645.086243
8.561960,-629.921631
8.557892,-614.818237
8.553822,-623.374756
8.549752,-625.894226
8.545683,-651.993774
8.541614,-641.533569
8.537544,-638.129150
8.533475,-636.804993
8.529406,-648.528320
8.525336,-645.203491
8.521267,-613.922852
8.517198,-634.352844
8.513128,-637.175964
8.509058,-632.335388
8.504990,-618.825806
8.500919,-648.738586
8.496851,-628.041443
8.492781,-642.982788
8.488712,-649.457764
8.484642,-658.559753
8.480574,-646.264893
8.476503,-638.642578
8.472435,-629.845886
8.468365,-634.432983
8.464295,-625.337036
8.460226,-622.317444
8.456157,-636.854309
8.452087,-638.885559
8.448018,-611.169739
8.443949,-621.260071
8.439879,-634.249207
8.435810,-629.274658
8.431741,-653.108459
8.427671,-623.867065
8.423601,-622.983215
8.419533,-632.544128
8.415462,-649.941956
8.411394,-621.772644
8.407324,-621.829651
8.403255,-634.046570
8.399185,-626.130798
8.395117,-653.341064
8.391047,-616.320679
8.386978,-605.372742
8.382908,-625.622498
8.378839,-634.922424
8.374769,-627.059753
8.370700,-629.424500
8.366631,-632.769226
8.362561,-634.798279
8.358492,-627.529785
8.354423,-650.481323
8.350353,-632.079468
8.346284,-636.609131
8.342215,-658.290955
8.338144,-629.767151
8.334076,-637.775208
8.330006,-658.261658
8.325937,-592.495483
8.321867,-629.151978
8.317799,-638.859070
8.313728,-635.131470
8.309660,-632.694397
8.305590,-630.527893
8.301521,-624.770874
8.297451,-637.685486
8.293382,-629.983398
8.289312,-641.865417
8.285243,-639.352112
8.281174,-611.453430
8.277104,-654.563843
8.273035,-650.523743
8.268966,-641.409180
8.264896,-632.815918
8.260827,-647.563477
8.256758,-631.059937
8.252687,-646.458557
8.248619,-648.895996
8.244549,-641.446594
8.240480,-634.581116
8.236410,-653.155151
8.232342,-658.110474
8.228271,-626.377319
8.224203,-641.498840
8.220133,-638.171631
8.216064,-664.944702
8.211994,-639.993042
8.207925,-614.948730
8.203856,-648.187988
8.199786,-649.089844
8.195717,-622.334229
8.191648,-642.143433
8.187578,-624.540283
8.183509,-643.414551
8.179440,-629.137268
8.175370,-635.751404
8.171301,-633.627563
8.167231,-621.219849
8.163162,-650.169922
8.159092,-635.933838
8.155024,-638.312805
8.150953,-602.678467
8.146885,-626.753540
8.142815,-632.771423
8.138746,-644.983154
8.134676,-627.955505
8.130608,-627.885010
8.126537,-638.967896
8.122468,-652.844788
8.118399,-656.992371
8.114329,-645.206787
8.110260,-627.048096
8.106191,-643.303101
8.102121,-638.433167
8.098052,-639.926575
8.093983,-623.080383
8.089913,-637.475037
8.085844,-633.361633
8.081774,-616.060120
8.077705,-632.107239
8.073635,-639.019531
8.069567,-640.651794
8.065496,-635.849304
8.061428,-643.470215
8.057358,-647.223816
8.053289,-600.455627
8.049219,-650.719055
8.045151,-640.845886
8.041080,-659.755981
8.037011,-631.377808
8.032942,-635.799377
8.028872,-622.181702
8.024803,-630.782288
8.020734,-659.207336
8.016665,-639.221191
8.012595,-647.533081
8.008526,-648.987854
8.004457,-641.834961
8.000387,-649.780334
7.996317,-639.966492
7.992248,-647.099182
7.988179,-644.629700
7.984109,-646.597229
7.980040,-650.624390
7.975971,-629.863098
7.971901,-636.643616
7.967832,-630.323730
7.963763,-642.869629
7.959693,-649.828552
7.955624,-646.077515
7.951554,-627.056580
7.947485,-656.141846
7.943416,-647.190918
7.939346,-638.518188
7.935277,-627.397705
7.931208,-654.833801
7.927138,-649.342285
7.923069,-640.640808
7.919000,-649.380493
7.914930,-640.318909
7.910861,-651.567078
7.906791,-647.557129
7.902722,-666.854980
7.898653,-661.763794
7.894583,-631.501160
7.890514,-643.826782
7.886445,-642.867798
7.882375,-662.028870
7.878306,-672.146118
7.874237,-666.308960
7.870167,-678.216736
7.866097,-692.470154
7.862028,-690.893372
7.857959,-610.694275
7.853889,-549.465576
7.849820,-572.279968
7.845751,-604.018127
7.841681,-614.817139
7.837612,-622.534851
7.833543,-608.404907
7.829473,-604.147583
7.825404,-604.536072
7.821334,-635.301514
7.817265,-625.932739
7.813196,-654.382019
7.809126,-601.894287
7.805057,-620.236938
7.800988,-626.084717
7.796918,-629.494507
7.792849,-633.462219
7.788780,-609.869324
7.784710,-637.652100
7.780641,-624.731140
7.776571,-617.535095
7.772502,-651.819092
7.768433,-630.746643
7.764363,-649.951294
7.760294,-634.262024
7.756225,-637.489929
7.752155,-657.348267
7.748086,-636.113586
7.744016,-634.635376
7.739947,-620.853027
7.735878,-637.993408
7.731808,-638.855164
7.727739,-635.458069
7.723670,-632.176819
7.719600,-609.125244
7.715531,-612.310425
7.711462,-622.760986
7.707392,-638.863220
7.703323,-642.811584
7.699253,-607.288635
7.695184,-612.580627
7.691114,-638.495422
7.687045,-629.717957
7.682976,-628.025085
7.678906,-644.486023
7.674837,-633.246399
7.670768,-623.011780
7.666698,-625.703552
7.662629,-628.144287
7.658559,-623.604858
7.654490,-631.911865
7.650421,-627.986511
7.646351,-624.682739
7.642282,-626.983337
7.638213,-610.664795
7.634143,-607.968018
7.630074,-630.075439
7.626005,-625.116272
7.621935,-660.025513
7.617866,-646.988403
7.613796,-646.099854
7.609727,-649.477539
7.605658,-641.692749
7.601588,-627.514404
7.597519,-626.540466
7.593450,-604.937439
7.589380,-576.775574
7.585311,-569.634277
7.581242,-568.514343
7.577172,-617.124023
7.573102,-604.630066
7.569033,-635.672302
7.564964,-602.335449
7.560894,-611.350708
7.556825,-600.017151
7.552756,-610.889221
7.548687,-609.238464
7.544617,-635.441895
7.540548,-641.613525
7.536479,-640.096375
7.532409,-612.959045
7.528339,-612.339478
7.524270,-623.911377
7.520201,-630.713562
7.516131,-617.555542
7.512062,-616.971436
7.507993,-611.365295
7.503923,-599.099792
7.499854,-622.206177
7.495785,-623.774536
7.491715,-604.323608
7.487646,-622.839233
7.483576,-628.968140
7.479507,-611.415466
7.475438,-635.078796
7.471368,-616.783630
7.467299,-635.102844
7.463230,-609.427917
7.459160,-621.516785
7.455091,-631.534363
7.451022,-621.127136
7.446952,-612.135193
7.442883,-600.003052
7.438813,-612.750732
7.434744,-622.634033
7.430675,-620.987488
7.426605,-630.197449
7.422536,-619.185608
7.418467,-627.952759
7.414397,-621.615845
7.410328,-603.804016
7.406259,-642.569702
7.402189,-636.010742
7.398119,-632.153137
7.394050,-614.676697
7.389981,-600.948853
7.385911,-617.273499
7.381842,-608.315308
7.377773,-608.406067
7.373703,-616.051086
7.369634,-626.647888
7.365565,-625.523499
7.361495,-620.541382
7.357426,-639.003418
7.353356,-626.146973
7.349287,-636.263611
7.345218,-639.070496
7.341148,-619.387634
7.337079,-625.013367
7.333010,-641.963318
7.328940,-631.281738
7.324871,-643.543762
7.320802,-649.490356
7.316732,-634.912048
7.312663,-644.286011
7.308593,-616.225098
7.304524,-615.579346
7.300455,-634.482239
7.296385,-634.822876
7.292316,-623.431274
7.288247,-605.839111
7.284177,-623.847107
7.280108,-638.586182
7.276038,-610.048645
7.271969,-613.450989
7.267900,-623.742126
7.263830,-626.703857
7.259761,-619.169373
7.255692,-633.143982
7.251622,-631.993408
7.247553,-630.454468
7.243484,-614.573059
7.239414,-620.170349
7.235344,-662.583435
7.231275,-607.102722
7.227206,-605.183472
7.223136,-606.324219
7.219067,-633.806213
7.214998,-620.973877
7.210928,-601.661255
7.206859,-583.903870
7.202790,-604.925781
7.198720,-621.764099
7.194651,-621.014954
7.190581,-610.237671
7.186512,-610.572693
7.182443,-607.213623
7.178373,-610.772522
7.174304,-619.840454
7.170235,-613.476685
7.166165,-623.666870
7.162096,-621.973755
7.158027,-611.937012
7.153957,-619.135498
7.149888,-611.383911
7.145818,-612.805359
7.141749,-625.589050
7.137680,-600.005066
7.133610,-602.014404
7.129541,-582.544434
7.125472,-637.359741
7.121402,-632.706909
7.117333,-610.287842
7.113264,-634.497498
7.109194,-605.508423
7.105124,-596.718384
7.101055,-603.365540
7.096986,-620.173462
7.092916,-627.339661
7.088847,-618.550415
7.084778,-624.363525
7.080709,-604.755432
7.076639,-621.429993
7.072570,-633.911743
7.068501,-604.283142
7.064431,-622.513245
7.060361,-625.348938
7.056292,-608.469666
7.052223,-625.864258
7.048153,-606.540649
7.044084,-607.035950
7.040015,-626.326477
7.035945,-619.763550
7.031876,-626.863647
7.027807,-611.317993
7.023737,-593.562561
7.019668,-619.452576
7.015598,-651.589172
7.011529,-612.663940
7.007460,-593.823730
7.003390,-589.888367
6.999321,-617.899231
6.995252,-612.021362
6.991182,-619.099976
6.987113,-626.068420
6.983044,-643.274719
6.978974,-606.994019
6.974905,-604.812195
6.970835,-625.719360
6.966766,-633.383240
6.962697,-638.472717
6.958627,-622.505798
6.954558,-616.114258
6.950489,-639.047607
6.946419,-602.614624
6.942350,-632.778320
6.938281,-640.179749
6.934211,-617.017883
6.930141,-606.677307
6.926072,-600.195862
6.922003,-621.994812
6.917933,-607.977783
6.913864,-616.606873
6.909795,-632.876770
6.905725,-611.291138
6.901656,-614.221741
6.897587,-626.014832
6.893517,-609.768372
6.889448,-632.469604
6.885378,-620.732666
6.881309,-610.182678
6.877240,-612.834290
6.873170,-609.501770
6.869101,-615.554260
6.865032,-621.788452
6.860962,-598.691040
6.856893,-607.351563
6.852823,-607.697205
6.848754,-611.379211
6.844685,-613.778259
6.840615,-600.388245
6.836546,-619.290466
6.832477,-614.821777
6.828407,-616.628540
6.824338,-610.713135
6.820269,-585.431641
6.816199,-617.348389
6.812130,-618.224426
6.808060,-641.000305
6.803991,-629.337830
6.799922,-616.404297
6.795852,-626.961670
6.791783,-632.498718
6.787714,-629.557617
6.783644,-590.598816
6.779575,-628.336060
6.775506,-597.298157
6.771436,-594.957825
6.767366,-614.117676
6.763297,-611.137207
6.759228,-618.665466
6.755158,-616.926758
6.751089,-604.969543
6.747020,-596.932434
6.742950,-595.192749
6.738881,-591.961121
6.734812,-604.048157
6.730742,-625.030640
6.726673,-610.674438
6.722603,-612.405945
6.718534,-628.336914
6.714465,-613.539734
6.710395,-610.381165
6.706326,-637.642700
6.702257,-598.014404
6.698187,-614.210876
6.694118,-607.790588
6.690049,-612.988098
6.685979,-598.947083
6.681910,-604.399414
6.677840,-617.653015
6.673771,-604.988586
6.669702,-594.674744
6.665632,-576.321960
6.661563,-574.535034
6.657494,-585.647949
6.653424,-608.084656
6.649355,-587.311340
6.645286,-562.918640
6.641216,-554.069092
6.637146,-514.959839
6.633077,-537.727051
6.629008,-579.299805
6.624938,-597.908203
6.620869,-606.023743
6.616800,-591.152283
6.612731,-594.022217
6.608661,-589.788940
6.604592,-615.583374
6.600523,-613.782227
6.596453,-601.990234
6.592383,-594.680115
6.588314,-594.948059
6.584245,-609.996887
6.580175,-575.995605
6.576106,-607.059082
6.572037,-609.235046
6.567967,-589.225586
6.563898,-607.340698
6.559829,-600.603027
6.555759,-595.892883
6.551690,-605.450684
6.547620,-609.387878
6.543551,-587.251709
6.539482,-585.222473
6.535412,-582.306335
6.531343,-590.043518
6.527274,-594.373535
6.523204,-615.345642
6.519135,-602.579712
6.515066,-605.931885
6.510996,-597.271912
6.506927,-591.784607
6.502857,-583.273376
6.498788,-599.744507
6.494719,-614.683105
6.490649,-586.323914
6.486580,-600.340454
6.482511,-601.367371
6.478441,-611.235596
6.474372,-608.941650
6.470303,-602.144165
6.466233,-596.869141
6.462163,-606.045593
6.458094,-583.151489
6.454025,-592.797119
6.449955,-593.584778
6.445886,-588.581177
6.441817,-595.307922
6.437747,-589.188660
6.433678,-587.342163
6.429609,-595.813721
6.425539,-581.363708
6.421470,-589.122925
6.417400,-597.120728
6.413331,-591.944702
6.409262,-589.468384
6.405192,-617.798584
6.401123,-580.454285
6.397054,-592.834473
6.392984,-596.068665
6.388915,-600.612732
6.384845,-590.128235
6.380776,-585.387573
6.376707,-601.490967
6.372637,-587.567261
6.368568,-599.226135
6.364499,-591.063110
6.360429,-574.064087
6.356360,-584.673157
6.352291,-584.160400
6.348221,-571.705688
6.344152,-570.609558
6.340082,-568.233276
6.336013,-616.138611
6.331944,-585.830078
6.327874,-587.212158
6.323805,-596.040161
6.319736,-597.847839
6.315666,-583.173279
6.311597,-576.687378
6.307528,-566.408508
6.303458,-569.256165
6.299388,-568.238586
6.295319,-569.941040
6.291250,-561.340637
6.287180,-605.226929
6.283111,-591.494690
6.279042,-588.492920
6.274972,-564.291687
6.270903,-552.527649
6.266834,-576.252563
6.262764,-572.556274
6.258695,-565.275818
6.254625,-594.518494
6.250556,-572.609802
6.246487,-603.830383
6.242417,-574.011292
6.238348,-553.006592
6.234279,-555.880432
6.230209,-564.141846
6.226140,-575.584961
6.222071,-585.778137
6.218001,-569.414063
6.213932,-585.741577
6.209862,-597.952087
6.205793,-596.463074
6.201724,-576.863403
6.197654,-580.664490
6.193585,-579.130127
6.189516,-579.677734
6.185446,-574.402161
6.181377,-591.574646
6.177308,-580.121216
6.173238,-579.607178
6.169168,-585.147522
6.165099,-570.413452
6.161030,-585.436768
6.156960,-579.627625
6.152891,-559.959595
6.148822,-575.057312
6.144753,-588.376770
6.140683,-562.571594
6.136614,-593.720886
6.132545,-600.757996
6.128475,-580.328613
6.124406,-585.806885
6.120337,-575.004761
6.116267,-590.766235
6.112198,-580.510437
6.108128,-581.137817
6.104058,-583.448975
6.099989,-564.927490
6.095920,-589.459290
6.091850,-571.195251
6.087781,-577.014343
6.083712,-572.466309
6.079642,-564.956299
6.075573,-570.963013
6.071504,-573.248840
6.067434,-582.479919
6.063365,-576.299561
6.059296,-589.907715
6.055226,-577.596741
6.051157,-557.909180
6.047088,-577.669495
6.043018,-562.209412
6.038949,-549.252319
6.034880,-567.918274
6.030810,-551.701599
6.026741,-571.933777
6.022671,-547.067688
6.018601,-554.957214
6.014532,-562.739563
6.010463,-603.375732
6.006393,-574.058472
6.002324,-567.239990
5.998255,-571.000671
5.994185,-571.305969
5.990116,-563.308289
5.986047,-560.346130
5.981977,-561.534241
5.977908,-565.539978
5.973839,-563.260986
5.969769,-569.762329
5.965700,-577.139465
5.961631,-568.838379
5.957561,-565.641418
5.953492,-575.022949
5.949423,-528.789856
5.945354,-554.171021
5.941284,-564.807861
5.937214,-568.520325
5.933145,-534.334717
5.929075,-549.318298
5.925006,-559.091797
5.920937,-554.284912
5.916867,-548.803467
5.912798,-543.250732
5.908729,-553.218689
5.904659,-545.953735
5.900590,-555.332764
5.896521,-554.010132
5.892451,-541.767395
5.888382,-553.870422
5.884313,-543.917297
5.880243,-557.789673
5.876174,-548.944885
5.872105,-548.348328
5.868035,-528.042419
5.863966,-513.060364
5.859897,-541.581482
5.855827,-529.178650
5.851757,-551.767334
5.847688,-508.367554
5.843618,-512.285278
5.839549,-518.275513
5.835480,-530.491516
5.831410,-520.458801
5.827341,-517.079041
5.823272,-454.543182
5.819202,-520.188049
5.815133,-447.428192
5.811064,151.236252
5.806994,-568.768127
5.802925,-537.920410
5.798856,-580.166809
5.794786,-505.854950
5.790717,-532.741455
5.786648,-562.276855
5.782578,-533.141052
5.778509,-535.268127
5.774440,-531.067810
5.770370,-540.381348
5.766300,-545.136292
5.762231,-536.153259
5.758162,-553.761230
5.754092,-574.399536
5.750023,-538.055542
5.745954,-564.639771
5.741884,-555.742249
5.737815,-538.163757
5.733746,-525.643616
5.729676,-546.747253
5.725607,-547.321289
5.721538,-531.714294
5.717468,-516.615662
5.713399,-550.769592
5.709330,-535.437500
5.705260,-532.444519
5.701191,-537.228882
5.697122,-577.863525
5.693052,-523.177246
5.688983,-551.249084
5.684914,-553.629028
5.680843,-529.244080
5.676774,-536.906555
5.672705,-550.551331
5.668635,-524.478577
5.664566,-516.657654
5.660497,-533.610840
5.656427,-549.356567
5.652358,-530.122620
5.648289,-524.459534
5.644219,-542.724182
5.640150,-493.686707
5.636081,-493.918427
5.632011,-481.728485
5.627942,-509.458252
5.623873,-492.745270
5.619803,-525.649658
5.615734,-488.784515
5.611665,-526.935669
5.607595,-514.053772
5.603526,-511.806732
5.599457,-512.203918
5.595387,-508.855743
5.591317,-505.844727
5.587248,-520.631409
5.583179,-519.663086
5.579109,-527.952942
5.575040,-482.682098
5.570971,-490.854095
5.566901,-501.222290
5.562832,-498.353973
5.558763,-500.850037
5.554693,-522.960449
5.550624,-513.499817
5.546555,-510.731873
5.542485,-517.096008
5.538416,-500.565369
5.534347,-500.241394
5.530277,-516.563416
5.526208,-501.194794
5.522139,-521.399963
5.518069,-500.357239
5.514000,-480.361938
5.509930,-493.545227
5.505860,-501.237762
5.501791,-508.850433
5.497722,-495.900208
5.493652,-503.400024
5.489583,-496.065918
5.485514,-506.293640
5.481444,-497.607483
5.477375,-496.507263
5.473306,-491.824524
5.469236,-482.083344
5.465167,-455.074860
5.461098,-480.029663
5.457028,-467.269531
5.452959,-486.469940
5.448890,-480.211792
5.444820,-487.046356
5.440751,-480.133667
5.436682,-476.549622
5.432612,-486.190704
5.428543,-462.657166
5.424473,-505.487183
5.420403,-450.464539
5.416334,-495.301331
5.412265,-476.651062
5.408195,-484.790375
5.404126,-481.990082
5.400057,-484.050842
5.395988,-464.118896
5.391918,-485.987640
5.387849,-474.378082
5.383780,-450.354218
5.379710,-447.750122
5.375641,-446.364532
5.371572,-468.437592
5.367502,-438.508911
5.363433,-450.745453
5.359364,-446.294647
5.355294,-469.471832
5.351225,-453.084747
5.347156,-437.218842
5.343085,-477.469604
5.339016,-474.379303
5.334947,-448.917694
5.330877,-462.988922
5.326808,-434.014893
5.322739,-446.309235
5.318669,-404.139618
5.314600,-459.055817
5.310531,-464.487213
5.306461,-458.005249
5.302392,-445.534637
5.298323,-448.636627
5.294253,-456.297821
5.290184,-434.193909
5.286115,-442.758514
5.282045,-429.104279
5.277976,-416.577362
5.273907,-429.083710
5.269837,-434.237762
5.265768,-465.970093
5.261699,-429.402344
5.257628,-432.565552
5.253559,-439.859100
5.249490,-443.683258
5.245420,-435.280701
5.241351,-438.561005
5.237282,-414.320465
5.233212,-417.238770
5.229143,-413.875122
5.225074,-423.828491
5.221004,-415.157410
5.216935,-421.464600
5.212866,-401.145081
5.208797,-406.745453
5.204727,-413.985168
5.200658,-394.900391
5.196589,-411.103363
5.192519,-398.060059
5.188450,-414.410187
5.184381,-395.824493
5.180311,-391.847626
5.176242,-381.676178
5.172172,-382.898865
5.168102,-384.963959
5.164033,-383.711548
5.159964,-345.063049
5.155894,-351.893311
5.151825,-336.346527
5.147756,-353.579193
5.143686,-410.902802
5.139617,-442.872131
5.135548,-420.763611
5.131478,-402.580536
5.127409,-399.761078
5.123340,-360.210846
5.119270,-411.339050
5.115201,-367.666382
5.111132,-341.500458
5.107062,-359.604797
5.102993,-372.496063
5.098924,-397.645966
5.094854,-389.757019
5.090785,-389.796570
5.086715,-371.576691
5.082645,-386.706573
5.078576,-357.045166
5.074507,-367.022369
5.070437,-364.238464
5.066368,-373.242157
5.062299,-346.980042
5.058229,-373.000214
5.054160,-351.095398
5.050091,-361.932709
5.046021,-343.759918
5.041952,-331.522247
5.037883,-336.434113
5.033813,-343.105347
5.029744,-343.439392
5.025675,-309.612640
5.021605,-331.646729
5.017536,-316.018555
5.013467,-307.090759
5.009398,-309.262115
5.005328,-289.744385
5.001258,-316.804749
4.997189,-292.526031
4.993119,-320.944275
4.989050,-302.933960
4.984981,-291.833130
4.980911,-272.112183
4.976842,-242.608246
4.972773,-241.543304
4.968703,-241.284088
4.964634,-221.837158
4.960565,-218.895340
4.956495,-179.730515
4.952426,-178.501816
4.948357,-166.663269
4.944287,-145.143646
4.940218,-23.530077
4.936149,169.467056
4.932079,610.555603
4.928010,1601.255493
4.923941,3198.207275
4.919871,3578.502686
4.915801,2119.886963
4.911732,761.131958
4.907662,298.735931
4.903593,183.713470
4.899524,173.181992
4.895454,94.851944
4.891385,20.173090
4.887316,30.144625
4.883246,18.378447
4.879177,-19.888773
4.875108,-44.085056
4.871038,-69.002235
4.866969,-82.113342
4.862900,-85.391052
4.858830,-106.205696
4.854761,-77.229095
4.850692,-90.383957
4.846622,-102.188744
4.842553,-89.038879
4.838484,-87.067741
4.834414,-84.532845
4.830344,-55.785973
4.826275,-66.314217
4.822206,-78.704765
4.818136,-84.166016
4.814067,-73.596649
4.809998,-75.572548
4.805928,-51.876427
4.801859,-66.279945
4.797790,-66.427734
4.793720,-56.059208
4.789651,-24.027573
4.785582,-0.119910
4.781512,-14.406453
4.777443,-9.987012
4.773374,-19.705988
4.769304,-0.112130
4.765235,-8.125223
4.761166,-20.248079
4.757096,-3.059405
4.753027,-1.146490
4.748958,14.047594
4.744887,25.053225
4.740818,22.495886
4.736749,14.894515
4.732679,42.435738
4.728610,40.392189
4.724541,52.261211
4.720471,68.238281
4.716402,63.904293
4.712333,87.917343
4.708263,106.524628
4.704194,109.272728
4.700125,107.286514
4.696055,34.987621
4.691986,27.863766
4.687917,69.114624
4.683847,65.393906
4.679778,109.977005
4.675709,125.693459
4.671639,101.080124
4.667570,133.107330
4.663501,146.442841
4.659431,142.152435
4.655361,147.324158
4.651292,169.957703
4.647223,194.322815
4.643153,146.570145
4.639084,137.458069
4.635015,166.082306
4.630945,297.606445
4.626876,307.194214
4.622807,307.117676
4.618737,342.644806
4.614668,239.681519
4.610599,401.486359
4.606529,379.570343
4.602460,361.140564
4.598391,369.428558
4.594321,393.364746
4.590252,415.928558
4.586183,444.890778
4.582113,482.273956
4.578044,477.780151
4.573974,504.911194
4.569904,507.796631
4.565835,497.182648
4.561766,521.559082
4.557696,542.966492
4.553627,587.412476
4.549558,611.222961
4.545488,598.490417
4.541419,625.521667
4.537350,665.591309
4.533280,665.311890
4.529211,706.481140
4.525142,728.920471
4.521072,774.192444
4.517003,772.699219
4.512934,799.484009
4.508864,853.244324
4.504795,844.674500
4.500726,871.328247
4.496656,896.856750
4.492586,931.136658
4.488517,927.536804
4.484447,984.025513
4.480378,978.738159
4.476309,1003.944275
4.472239,1045.908691
4.468170,1056.832520
4.464101,1130.990234
4.460032,1150.682983
4.455962,1186.667969
4.451893,1246.659546
4.447824,1273.442139
4.443754,1317.041138
4.439685,1354.281738
4.435616,1449.283569
4.431546,1452.596313
4.427477,1433.912842
4.423408,1409.869385
4.419338,1427.879517
4.415269,1450.375244
4.411200,1514.339233
4.407129,1520.682373
4.403060,1562.750244
4.398991,1574.596436
4.394921,1606.374512
4.390852,1643.228149
4.386783,1652.521484
4.382713,1678.905396
4.378644,1676.743164
4.374575,1728.216919
4.370505,1746.454346
4.366436,1749.213135
4.362367,1780.407593
4.358297,1784.904297
4.354228,1791.109131
4.350159,1845.042480
4.346089,1834.837646
4.342020,1862.367676
4.337951,1862.328003
4.333881,1892.885254
4.329812,1906.213135
4.325743,1883.180908
4.321672,1919.716553
4.317603,1944.151733
4.313534,1939.333496
4.309464,1894.393555
4.305395,1902.653687
4.301326,1929.647339
4.297256,1909.945801
4.293187,1886.258423
4.289118,1888.583984
4.285048,1885.206299
4.280979,1898.749023
4.276910,1862.115723
4.272840,1883.517822
4.268771,1879.942749
4.264702,1799.045410
4.260633,1814.797363
4.256563,1791.553833
4.252494,1800.509155
4.248425,1761.709473
4.244355,1735.849731
4.240286,1758.573975
4.236216,1737.531006
4.232146,1721.551025
4.228077,1728.028809
4.224008,1719.008301
4.219938,1674.867554
4.215869,1683.252075
4.211800,1672.454102
4.207730,1555.076172
4.203661,1427.939819
4.199592,1364.904785
4.195522,1376.021606
4.191453,1411.187744
4.187384,1405.456421
4.183314,1356.904419
4.179245,1374.404419
4.175176,1270.028442
4.171106,1212.671387
4.167037,1229.851196
4.162968,1186.840454
4.158898,1171.916504
4.154829,1160.495483
4.150759,1107.554688
4.146689,1097.372192
4.142620,1056.167114
4.138551,1056.018311
4.134481,992.978210
4.130412,965.368774
4.126343,971.338623
4.122273,950.220154
4.118204,909.079529
4.114135,870.749207
4.110065,862.437073
4.105996,860.602295
4.101927,822.945007
4.097857,791.663879
4.093788,796.384705
4.089719,752.673401
4.085649,776.240906
4.081580,734.887817
4.077511,719.466064
4.073442,663.527893
4.069372,651.497559
4.065302,672.268066
4.061233,647.826172
4.057163,620.127380
4.053094,608.533569
4.049025,572.079224
4.044955,539.505554
4.040886,537.529114
4.036817,551.570618
4.032747,488.513428
4.028678,428.956207
4.024609,413.699493
4.020539,416.236084
4.016470,422.959717
4.012401,403.935181
4.008331,388.053192
4.004262,375.016083
4.000193,382.937561
3.996123,361.169281
3.992054,381.787750
3.987985,434.382263
3.983915,334.695282
3.979845,292.738403
3.975776,176.936096
3.971706,166.342209
3.967637,232.902206
3.963568,397.330353
3.959498,584.198486
3.955429,-91.520424
3.951360,2454.120605
3.947290,1006.687805
3.943221,425.530914
3.939152,282.460541
3.935082,285.295685
3.931013,273.295105
3.926944,278.043304
3.922874,207.495193
3.918805,183.390213
3.914736,199.894562
3.910666,152.178787
3.906597,162.607712
3.902528,142.614136
3.898458,152.729126
3.894388,135.037140
3.890319,110.021156
3.886250,113.235802
3.882180,119.186218
3.878111,88.236900
3.874042,91.222504
3.869972,85.182884
3.865903,69.363358
3.861834,90.982391
3.857764,95.041908
3.853695,105.919571
3.849626,90.005173
3.845556,115.115173
3.841487,120.035065
3.837418,153.428696
3.833348,156.822998
3.829279,177.085022
3.825210,287.176086
3.821140,435.341064
3.817071,761.933960
3.813002,1643.971069
3.808931,2332.865967
3.804862,2041.316650
3.800793,842.250977
3.796723,415.446136
3.792654,302.620270
3.788585,274.792694
3.784515,243.800888
3.780446,232.882172
3.776377,217.233307
3.772307,279.112030
3.768238,251.154266
3.764169,356.194855
3.760099,479.029236
3.756030,274.320190
3.751961,102.010223
3.747891,-1.257520
3.743822,17.860590
3.739753,30.191431
3.735683,31.514887
3.731614,-35.653767
3.727545,-57.316883
3.723475,-91.112968
3.719405,-66.851128
3.715336,-20.716614
3.711267,-46.096867
3.707197,-40.565121
3.703128,-52.499130
3.699059,-78.831337
3.694989,-88.913589
3.690920,-72.762146
3.686851,-70.455215
3.682781,-76.410973
3.678712,-94.424873
3.674643,-70.025322
3.670573,-70.482048
3.666504,-92.749603
3.662435,-58.427166
3.658365,-79.875458
3.654296,-76.189919
3.650227,-106.216545
3.646157,-211.792831
3.642087,-422.569427
3.638018,-915.731445
3.633948,-811.592896
3.629879,-443.464905
3.625810,-285.492706
3.621740,-224.063034
3.617671,-231.024338
3.613602,-206.305603
3.609532,-178.088333
3.605463,-146.524292
3.601394,-114.988800
3.597324,-115.168579
3.593255,-122.176308
3.589186,-113.399452
3.585116,-126.080658
3.581047,-145.864182
3.576978,-139.550308
3.572908,-84.354622
3.568839,-53.562862
3.564770,-47.530426
3.560700,-28.301392
3.556630,65.711288
3.552561,178.168900
3.548491,224.457230
3.544422,264.007751
3.540353,555.644165
3.536283,511.411926
3.532214,-100.713120
3.528145,-409.869995
3.524076,-515.760498
3.520006,-132.425278
3.515937,-67.490028
3.511868,-162.677216
3.507798,-292.578339
3.503729,-304.429657
3.499660,-296.471008
3.495590,-234.664200
3.491521,-248.068466
3.487452,-253.680069
3.483382,-233.078232
3.479313,-213.491013
3.475244,-234.276276
3.471173,-220.181122
3.467104,-206.078568
3.463035,-184.409302
3.458965,-198.510422
3.454896,-212.773621
3.450827,-198.859299
3.446757,-191.012009
3.442688,-161.292084
3.438619,-173.286072
3.434549,-172.791489
3.430480,-173.297958
3.426411,-130.018341
3.422341,-111.892593
3.418272,-136.561325
3.414203,-138.412506
3.410133,-121.356331
3.406064,-135.253220
3.401995,-107.589981
3.397925,-87.480141
3.393856,-93.608276
3.389787,-87.542458
3.385716,-67.190979
3.381647,-76.765388
3.377578,-90.217613
3.373508,-91.151588
3.369439,-61.241203
3.365370,-24.198593
3.361300,2.914565
3.357231,-5.643165
3.353162,114.961983
3.349092,184.125427
3.345023,245.318344
3.340954,334.561340
3.336884,381.670074
3.332815,505.738800
3.328746,588.260864
3.324677,561.372803
3.320607,911.103943
3.316538,1019.761108
3.312469,1041.169922
3.308399,623.838135
3.304330,1372.144287
3.300260,-273.646362
3.296190,-8603.057617
3.292121,4809.177246
3.288052,3390.467285
3.283982,1656.792847
3.279913,881.015808
3.275844,472.380920
3.271774,276.811432
3.267705,474.148895
3.263636,183.286255
3.259566,160.169128
3.255497,125.517426
3.251428,111.542343
3.247358,74.780518
3.243289,51.694172
3.239220,21.541597
3.235150,34.676842
3.231081,12.721900
3.227012,33.750149
3.222942,51.287300
3.218873,15.294072
3.214803,-57.062283
3.210733,-107.253937
3.206664,-232.494705
3.202595,-482.037872
3.198525,-318.848785
3.194456,56.289848
3.190387,184.670425
3.186317,172.597443
3.182248,155.654999
3.178179,114.723747
3.174109,136.553268
3.170040,29.947229
3.165971,-302.221283
3.161901,-268.348480
3.157832,129.939926
3.153763,344.501251
3.149693,441.632660
3.145624,298.187805
3.141555,254.622437
3.137486,337.730774
3.133416,298.092041
3.129346,-209.063232
3.125277,-682.242981
3.121207,-217.490540
3.117138,532.129883
3.113069,641.473755
3.108999,538.884338
3.104930,624.809265
3.100861,832.788940
3.096791,1015.777588
3.092722,1407.109009
3.088653,2128.859619
3.084583,1500.288086
3.080514,464.316620
3.076445,-3.160101
3.072375,74.372086
3.068306,222.145279
3.064237,-50.983673
3.060167,-218.492523
3.056098,-177.025406
3.052029,-274.091248
3.047959,-251.491409
3.043889,-139.021103
3.039820,-33.276932
3.035750,52.870144
3.031681,159.755798
3.027612,295.085022
3.023542,332.739197
3.019473,440.439514
3.015404,616.310791
3.011334,734.311890
3.007265,920.262817
3.003196,976.208679
2.999126,1105.768188
2.995057,993.308289
2.990988,971.748657
2.986918,853.927429
2.982849,778.392334
2.978780,765.205933
2.974710,683.648254
2.970641,679.754822
2.966572,672.103760
2.962502,649.386902
2.958432,645.005859
2.954363,666.806030
2.950294,763.171936
2.946224,826.972961
2.942155,876.112671
2.938086,946.268372
2.934016,997.467041
2.929947,1034.946167
2.925878,1017.180725
2.921808,1057.936401
2.917739,1122.896484
2.913670,1168.577026
2.909600,1269.924683
2.905531,1393.539429
2.901462,1553.214600
2.897392,1727.575806
2.893323,1956.653809
2.889254,2185.567627
2.885184,2594.222168
2.881115,3182.407715
2.877045,3997.087402
2.872975,4905.801270
2.868906,6760.177246
2.864837,7785.806641
2.860767,585.576904
2.856698,-4476.919434
2.852629,-3945.510010
2.848559,-2491.235107
2.844490,-1649.929199
2.840421,-1676.519897
2.836351,-2193.524658
2.832282,-1971.423218
2.828213,-1716.549438
2.824143,-1572.990479
2.820074,-1481.442871
2.816005,-1414.792847
2.811935,-1287.059204
2.807866,-1020.990356
2.803797,-1019.950806
2.799727,-1067.316284
2.795658,-982.969666
2.791588,-943.339722
2.787519,-875.347595
2.783449,-764.326904
2.779380,-682.972839
2.775311,-584.366028
2.771241,-655.105103
2.767172,-348.454498
2.763103,-343.916504
2.759033,-437.546112
2.754964,-423.964386
2.750895,-361.503754
2.746825,-200.826752
2.742756,-134.175034
2.738687,-29.640207
2.734617,138.492188
2.730548,190.680649
2.726479,399.835999
2.722409,594.171021
2.718340,777.896912
2.714271,1022.580444
2.710201,1240.682495
2.706131,1507.740479
2.702062,2085.622070
2.697992,2842.208984
2.693923,3392.627686
2.689854,4246.662598
2.685784,5347.945801
2.681715,6395.087402
2.677646,7246.161621
2.673576,8496.802734
2.669507,12873.170898
2.665438,16922.660156
2.661368,17045.716797
2.657299,28735.095703
2.653230,50355.519531
2.649160,85371.671875
2.645091,154287.265625
2.641022,360281.468750
2.636952,529615.250000
2.632883,272731.750000
2.628814,115478.289063
2.624744,64887.339844
2.620674,50981.566406
2.616605,45403.753906
2.612535,38311.863281
2.608466,27473.695313
2.604397,24821.328125
2.600327,22418.255859
2.596258,19313.904297
2.592189,16908.005859
2.588120,15241.416016
2.584050,14037.727539
2.579981,12970.600586
2.575912,11888.455078
2.571842,11236.770508
2.567773,10610.200195
2.563704,9933.109375
2.559634,9381.677734
2.555565,8973.156250
2.551496,8578.692383
2.547426,8304.427734
2.543357,8104.132324
2.539288,7793.541016
2.535217,7485.413574
2.531148,7259.041016
2.527079,7039.071289
2.523009,6927.076660
2.518940,6816.199707
2.514871,6691.043945
2.510801,6626.661133
2.506732,6843.667969
2.502663,7144.812988
2.498593,7047.489746
2.494524,6547.872070
2.490455,6125.440430
2.486385,5683.093750
2.482316,5259.648926
2.478247,4924.476074
2.474177,4583.174316
2.470108,4234.202637
2.466039,3964.181152
2.461969,3848.653320
2.457900,3653.921631
2.453831,3532.388916
2.449760,3445.729736
2.445691,3432.608398
2.441622,3432.217041
2.437552,3466.483154
2.433483,3129.785645
2.429414,3205.726074
2.425344,3994.763916
2.421275,4831.385254
2.417206,4203.798828
2.413136,-2628.785400
2.409067,-8307.704102
2.404998,-5681.282227
2.400928,-3981.651367
2.396859,-3156.853271
2.392790,-2691.272949
2.388721,-2470.182373
2.384651,-2156.319824
2.380582,-1924.949219
2.376513,-1986.367554
2.372443,-1936.927490
2.368374,-1828.580322
2.364304,-1692.702393
2.360234,-1600.956421
2.356165,-1574.101685
2.352096,-1459.881714
2.348026,-1457.423096
2.343957,-1422.344849
2.339888,-1359.118042
2.335818,-1293.555298
2.331749,-1285.847412
2.327680,-1299.688965
2.323610,-1276.851318
2.319541,-1326.041870
2.315472,-1239.805786
2.311402,-1206.499878
2.307333,-1151.411133
2.303264,-1099.377563
2.299194,-1115.109131
2.295125,-1125.860840
2.291056,-1087.525146
2.286986,-1075.738647
2.282917,-1044.715454
2.278847,-1067.073608
2.274777,-1056.736084
2.270708,-988.266541
2.266639,-1010.980713
2.262569,-1002.639771
2.258500,-983.939331
2.254431,-982.428040
2.250361,-960.041077
2.246292,-1014.470276
2.242223,-967.268616
2.238153,-918.835022
2.234084,-840.828613
2.230015,-779.853027
2.225945,-677.206238
2.221876,-672.062683
2.217807,-809.593323
2.213737,-853.389099
2.209668,-957.822937
2.205599,-1134.358887
2.201530,-841.112854
2.197460,-1053.937134
2.193390,-1719.341919
2.189321,-2872.896484
2.185251,-2937.168213
2.181182,-1856.113892
2.177113,-1553.349121
2.173043,-1430.895996
2.168974,-1269.547607
2.164905,-1147.913086
2.160835,-1218.536743
2.156766,-1047.175293
2.152697,-406.259003
2.148627,71.360161
2.144558,-258.595673
2.140489,-768.988037
2.136419,-799.829285
2.132350,-744.225952
2.128281,-755.633606
2.124211,-965.515808
2.120142,-838.896057
2.116073,-478.082916
2.112003,-870.256470
2.107933,-15.050248
2.103864,-530.669006
2.099794,-725.930969
2.095725,-699.926819
2.091656,-751.171570
2.087586,-735.899719
2.083517,-714.919250
2.079448,-609.936096
2.075378,-165.042831
2.071309,-82.305977
2.067240,-348.399872
2.063170,-468.684937
2.059101,-490.849609
2.055032,-485.476532
2.050962,-474.193848
2.046893,-402.307404
2.042824,-395.715271
2.038754,-377.862610
2.034685,-336.552521
2.030616,-325.530518
2.026546,-326.145630
2.022476,-294.036835
2.018407,-254.862534
2.014338,-158.603851
2.010268,-105.970901
2.006199,-95.748894
2.002130,135.842499
1.998060,132.647858
1.993991,265.133179
1.989922,657.980347
1.985852,2004.930542
1.981783,-1231.295776
1.977714,-6500.709473
1.973644,2953.876465
1.969575,2049.532227
1.965506,972.826050
1.961436,-1.816303
1.957367,-283.037415
1.953298,-246.501938
1.949228,-30.708982
1.945159,-221.769333
1.941089,-255.233337
1.937019,-323.497192
1.932950,-265.373077
1.928881,-262.076935
1.924811,-323.461182
1.920742,-337.968018
1.916673,-330.375305
1.912603,-345.101471
1.908534,-342.838837
1.904465,-290.461884
1.900395,-290.811432
1.896326,-345.880585
1.892257,-350.026154
1.888187,-425.980255
1.884118,-384.377838
1.880049,-321.164459
1.875979,-279.231934
1.871910,-258.704651
1.867841,-263.626373
1.863771,-277.487457
1.859702,-264.795410
1.855632,-254.105530
1.851563,-269.910645
1.847493,-310.596832
1.843424,-204.985840
1.839355,-142.119553
1.835285,-83.008125
1.831216,-83.661255
1.827147,-95.812721
1.823077,-90.264793
1.819008,-59.707458
1.814939,-111.210884
1.810869,-38.646610
1.806800,-156.505981
1.802731,-88.412453
1.798661,-76.869041
1.794592,-106.628181
1.790523,-104.686707
1.786453,-99.548294
1.782384,-87.599693
1.778315,-63.978611
1.774245,6.668552
1.770175,64.633324
1.766106,-197.052307
1.762036,-305.615021
1.757967,-423.762451
1.753898,-139.649811
1.749828,-88.260612
1.745759,-281.895203
1.741690,-694.288818
1.737620,-1202.165771
1.733551,-1035.118652
1.729482,-752.944885
1.725412,-662.380371
1.721343,-657.497314
1.717274,-792.346558
1.713204,-948.202881
1.709135,-927.833740
1.705066,-857.198608
1.700996,-770.042786
1.696927,-745.134399
1.692858,-683.854126
1.688788,-671.003662
1.684718,-602.297791
1.680649,-485.239594
1.676579,-720.127319
1.672510,-971.999512
1.668441,-900.063599
1.664371,-830.673035
1.660302,-722.291321
1.656233,-721.037109
1.652164,-673.199585
1.648094,-567.008972
1.644025,-367.623047
1.639956,34.265728
1.635886,-26.208227
1.631817,-544.108887
1.627748,-689.008362
1.623678,-695.315735
1.619609,-666.144409
1.615540,-699.428894
1.611470,-669.675415
1.607401,-665.976563
1.603332,-625.071106
1.599261,-665.719910
1.595192,-637.040405
1.591123,-589.729858
1.587053,-600.864990
1.582984,-541.182190
1.578915,-511.922211
1.574845,-471.220642
1.570776,-449.222229
1.566707,-372.069214
1.562637,-278.930145
1.558568,-124.166260
1.554499,66.771652
1.550429,486.203064
1.546360,216.063126
1.542291,-1057.409790
1.538221,-952.930786
1.534152,-709.848328
1.530083,-411.508606
1.526013,-281.630463
1.521944,-369.312653
1.517875,-433.091370
1.513804,63.118011
1.509735,1375.050659
1.505666,3713.323486
1.501596,8519.749023
1.497527,16026.615234
1.493458,20087.416016
1.489388,13755.673828
1.485319,5727.525879
1.481250,2690.382080
1.477180,1815.871826
1.473111,2098.709717
1.469042,2902.454102
1.464972,4776.066406
1.460903,6598.652832
1.456834,11401.136719
1.452765,22480.320313
1.448695,8332.224609
1.444626,2847.032471
1.440557,1443.848999
1.436487,1259.870239
1.432418,1108.965576
1.428348,986.125549
1.424278,512.257690
1.420209,490.390472
1.416140,377.342743
1.412070,319.569244
1.408001,264.423004
1.403932,290.566925
1.399862,220.190567
1.395793,170.536316
1.391724,117.835960
1.387654,124.385315
1.383585,238.664566
1.379516,306.188934
1.375446,427.779602
1.371377,676.631348
1.367308,710.243469
1.363238,661.483093
1.359169,636.031067
1.355100,912.471985
1.351030,1569.504639
1.346961,1436.821899
1.342891,1801.991577
1.338821,3488.958740
1.334752,6335.347168
1.330683,11347.536133
1.326613,26794.361328
1.322544,61485.042969
1.318475,49009.628906
1.314405,12550.654297
1.310336,5353.306152
1.306267,4300.483887
1.302197,4167.460449
1.298128,4142.838379
1.294059,2832.207520
1.289989,1807.254639
1.285920,1968.806274
1.281851,1699.321167
1.277781,1452.226929
1.273712,1327.892578
1.269643,996.164368
1.265574,528.989563
1.261504,402.441925
1.257434,395.728455
1.253365,403.112610
1.249295,316.397644
1.245226,293.973328
1.241157,242.249100
1.237087,226.014053
1.233018,235.420074
1.228949,9.413560
1.224879,-413.975372
1.220810,-224.240524
1.216741,-154.168533
1.212671,-139.268906
1.208602,-152.704559
1.204533,-156.554626
1.200463,-176.174805
1.196394,-171.673660
1.192325,-122.224556
1.188255,-94.297806
1.184186,-63.557056
1.180117,-103.768616
1.176046,-142.872955
1.171977,-196.969254
1.167908,-198.530624
1.163838,-253.919846
1.159769,-270.531616
1.155700,-311.829102
1.151630,-345.068542
1.147561,-373.774750
1.143492,-373.291626
1.139422,-403.467072
1.135353,-402.573608
1.131284,-392.905151
1.127214,-419.213654
1.123145,-381.541779
1.119076,-425.437714
1.115006,-467.018219
1.110937,-396.624878
1.106868,-247.757874
1.102798,-158.026230
1.098729,-622.689087
1.094660,-1865.426880
1.090590,-1569.719238
1.086520,-1265.320435
1.082451,-1141.087036
1.078382,-1048.268066
1.074312,-1046.512695
1.070243,-1088.255371
1.066174,-1152.508301
1.062104,-1219.060791
1.058035,-1140.111572
1.053966,-1149.404419
1.049896,-1155.766724
1.045827,-1148.016846
1.041758,-1150.268921
1.037688,-1087.429077
1.033619,-1052.701416
1.029550,-1047.395752
1.025480,-994.832886
1.021411,-1029.054810
1.017342,-990.572815
1.013272,-967.970398
1.009203,-972.215393
1.005133,-1005.220520
1.001063,-1008.887878
0.996994,-988.992310
0.992925,-972.969055
0.988855,-974.754761
0.984786,-956.132263
0.980717,-952.264282
0.976647,-927.079041
0.972578,-943.270325
0.968509,-880.572144
0.964439,-869.714233
0.960370,-943.327454
0.956301,-953.572815
0.952231,-953.589966
0.948162,-922.811829
0.944093,-907.145752
0.940023,-927.637024
0.935954,-914.672729
0.931885,-880.695801
0.927815,-868.116577
0.923746,-866.961487
0.919676,-891.132141
0.915606,-881.651550
0.911537,-860.569824
0.907468,-859.507996
0.903399,-869.989441
0.899329,-886.206482
0.895260,-871.929565
0.891191,-902.888306
0.887121,-872.186890
0.883052,-849.328674
0.878983,-919.541016
0.874913,-1022.832336
0.870844,-1152.225708
0.866775,-1002.786560
0.862705,-982.909058
0.858636,-841.001831
0.854567,-893.589539
0.850497,-901.418335
0.846428,-914.349304
0.842359,-961.996094
0.838289,-941.837097
0.834219,-943.730042
0.830150,-769.433044
0.826080,-820.325989
0.822011,-807.000732
0.817942,-799.551025
0.813872,-832.667542
0.809803,-821.791382
0.805734,-857.917480
0.801664,-760.447021
0.797595,-666.257324
0.793526,-1234.608032
0.789456,-616.937500
0.785387,-730.763489
0.781318,-778.707458
0.777248,-838.208679
0.773179,-851.232605
0.769110,-836.267700
0.765040,-837.540710
0.760971,-801.777039
0.756902,-754.725281
0.752832,-780.208740
0.748762,-789.793335
0.744693,-780.155090
0.740623,-804.098999
0.736554,-811.161804
0.732485,-799.652771
0.728415,-799.152954
0.724346,-790.135376
0.720277,-794.198181
0.716208,-746.080139
0.712138,-776.464050
0.708069,-777.851135
0.704000,-781.301392
0.699930,-761.555237
0.695861,-765.773132
0.691792,-791.126709
0.687722,-739.304016
0.683653,-754.229858
0.679584,-728.984741
0.675514,-732.616760
0.671445,-593.922424
0.667376,-427.079346
0.663305,-1671.321411
0.659236,-152.821884
0.655167,-281.663208
0.651097,-464.735809
0.647028,-601.852539
0.642959,-703.434265
0.638889,-673.100037
0.634820,-598.307922
0.630751,-671.052979
0.626681,-693.710693
0.622612,-727.333130
0.618543,-724.606384
0.614473,-719.264526
0.610404,-704.594360
0.606335,-717.932312
0.602265,-728.383057
0.598196,-772.579834
0.594127,-739.011719
0.590057,-562.690857
0.585988,-824.676147
0.581919,-766.546448
0.577848,-769.211243
0.573779,-795.712646
0.569710,-787.935242
0.565640,-775.991394
0.561571,-779.544434
0.557502,-801.248718
0.553432,-831.941956
0.549363,-794.412231
0.545294,-763.963806
0.541224,-747.892883
0.537155,-758.592957
0.533086,-773.015625
0.529016,-768.393005
0.524947,-769.524780
0.520878,-770.641418
0.516809,-766.529968
0.512739,-769.406006
0.508670,-779.249329
0.504601,-758.716064
0.500531,-726.371887
0.496462,-742.953369
0.492392,-761.671082
0.488322,-745.896790
0.484253,-774.089722
0.480184,-754.804626
0.476114,-753.657104
0.472045,-751.194702
0.467976,-738.622070
0.463906,-756.193665
0.459837,-732.329712
0.455768,-746.158813
0.451698,-752.212891
0.447629,-790.891479
0.443560,-822.309387
0.439490,-799.507507
0.435421,-704.419556
0.431352,-726.258789
0.427282,-717.226135
0.423213,-787.842834
0.419144,-860.874451
0.415074,-845.054871
0.411005,-870.027100
0.406935,-873.540955
0.402865,-818.351501
0.398796,-826.786987
0.394727,-819.071838
0.390657,-843.302307
0.386588,-828.453308
0.382519,-858.463013
0.378449,-860.445679
0.374380,-864.477173
0.370311,-884.840332
0.366241,-871.467346
0.362172,-898.851013
0.358103,-906.832947
0.354033,-869.078491
0.349964,-834.561829
0.345895,-851.127563
0.341825,-833.114502
0.337756,-854.916321
0.333687,-828.437378
0.329618,-851.646057
0.325547,-798.456909
0.321478,-726.572021
0.317409,-829.265076
0.313339,-887.300049
0.309270,-878.099915
0.305201,-847.749023
0.301131,-826.937744
0.297062,-853.657837
0.292993,-819.824219
0.288923,-850.776611
0.284854,-866.778625
0.280785,-831.248230
0.276715,-847.407288
0.272646,-830.582703
0.268577,-820.934692
0.264507,-794.220886
0.260438,-710.532898
0.256369,-597.285767
0.252299,-584.221741
0.248230,-749.052917
0.244161,-811.528809
0.240090,-821.303711
0.236021,-831.816956
0.231952,-820.514404
0.227882,-802.287598
0.223813,-852.399841
0.219744,-829.926025
0.215674,-846.846863
0.211605,-813.117737
0.207536,-850.419434
0.203466,-848.453247
0.199397,-902.522827
0.195328,-885.780701
0.191258,-838.165649
0.187189,-847.613770
0.183120,-814.310120
0.179050,-805.250061
0.174981,-750.892334
0.170912,-837.102600
0.166842,-896.406677
0.162773,-859.962463
0.158704,-847.688660
0.154634,-848.450195
0.150564,-853.050842
0.146495,-812.512512
0.142426,-803.751526
0.138356,-855.366211
0.134287,-655.716370
0.130218,-838.840088
0.126148,-862.244507
0.122079,-845.761963
0.118010,-810.718628
0.113940,-828.408569
0.109871,-805.124939
0.105802,-852.809448
0.101732,-827.243103
0.097663,-874.279236
0.093594,-849.657532
0.089524,-847.384705
0.085455,-840.590454
0.081386,-836.057434
0.077316,-845.829590
0.073247,-828.038513
0.069177,-822.172791
0.065107,-838.445801
0.061038,-828.238037
0.056969,-812.867188
0.052899,-825.621216
0.048830,-830.997742
0.044761,-831.799072
0.040691,-836.110168
0.036622,-819.565063
0.032553,-804.371338
0.028483,-842.864868
0.024414,-844.702637
0.020345,-800.352539
0.016275,-789.920837
0.012206,-758.473877
0.008137,-766.264343
0.004067,-238.106750
-0.000002,-1047.859131
-0.004071,-896.133057
-0.008141,-832.887451
-0.012210,-859.417480
-0.016280,-823.735168
-0.020350,-823.864014
-0.024419,-822.369690
-0.028488,-814.006653
-0.032557,-837.030029
-0.036627,-817.824402
-0.040696,-838.369019
-0.044765,-856.690613
-0.048835,-886.846313
-0.052904,-854.391846
-0.056973,-852.496216
-0.061043,-811.716919
-0.065112,-835.643677
-0.069181,-836.521545
-0.073251,-857.644409
-0.077320,-827.035217
-0.081389,-856.842285
-0.085459,-850.446228
-0.089528,-840.922913
-0.093597,-825.053589
-0.097667,-841.106873
-0.101737,-836.189209
-0.105806,-825.887634
-0.109876,-827.509644
-0.113945,-809.507996
-0.118014,-822.901306
-0.122084,-848.562256
-0.126153,-844.289978
-0.130222,-852.028503
-0.134292,-846.113525
-0.138361,-841.970276
-0.142430,-815.831177
-0.146500,-821.780762
-0.150569,-834.654602
-0.154638,-818.411011
-0.158708,-825.899048
-0.162777,-843.420715
-0.166846,-847.309448
-0.170916,-822.334290
-0.174985,-837.163940
-0.179054,-853.815918
-0.183124,-819.715576
-0.187194,-867.112793
-0.191263,-843.503845
-0.195333,-829.915588
-0.199402,-841.583923
-0.203471,-843.909485
-0.207541,-827.391846
-0.211610,-833.261902
-0.215679,-829.740662
-0.219748,-838.049805
-0.223818,-850.161255
-0.227887,-836.269592
-0.231956,-832.363831
-0.236026,-855.400024
-0.240095,-851.953369
-0.244164,-837.315430
-0.248234,-873.988892
-0.252303,-858.543213
-0.256372,-849.553345
-0.260442,-873.758667
-0.264511,-830.527466
-0.268580,-836.592224
-0.272651,-826.681458
-0.276720,-829.867920
-0.280789,-825.526428
-0.284859,-826.248230
-0.288928,-819.242188
-0.292997,-829.818359
-0.297067,-847.391174
-0.301136,-845.088562
-0.305205,-841.692932
-0.309275,-863.863586
-0.313344,-856.573669
-0.317413,-897.840393
-0.321483,-881.591553
-0.325552,-843.235840
-0.329621,-820.953125
-0.333691,-842.118835
-0.337760,-867.564575
-0.341829,-880.292969
-0.345899,-851.330139
-0.349968,-875.396057
-0.354037,-889.639221
-0.358108,-894.435852
-0.362177,-849.978394
-0.366246,-824.142029
-0.370316,-826.606750
-0.374385,-821.867798
-0.378454,-835.624512
-0.382524,-834.891907
-0.386593,-814.361084
-0.390662,-824.988220
-0.394732,-809.851379
-0.398801,-827.416016
-0.402870,-803.453979
-0.406940,-824.376282
-0.411009,-819.146118
-0.415078,-825.104309
-0.419147,-837.237427
-0.423217,-816.755005
-0.427286,-816.379944
-0.431355,-810.642334
-0.435425,-802.225098
-0.439495,-810.513733
-0.443564,-818.644958
-0.447634,-817.102478
-0.451703,-819.152466
-0.455772,-788.903931
-0.459842,-806.685242
-0.463911,-809.726746
-0.467980,-824.325623
-0.472050,-794.502747
-0.476119,-821.257568
-0.480188,-785.241150
-0.484258,-772.715332
-0.488327,-793.140076
-0.492396,-758.387268
-0.496466,-738.703247
-0.500535,-745.560730
-0.504604,-716.231018
-0.508674,-701.052246
-0.512743,-680.513245
-0.516812,-652.922791
-0.520882,-593.731445
-0.524952,-480.711029
-0.529021,-399.521973
-0.533091,-340.171967
-0.537160,-436.752045
-0.541229,-581.637695
-0.545299,-708.122742
-0.549368,-790.973633
-0.553437,-800.751099
-0.557507,-806.232544
-0.561576,-815.753601
-0.565645,-813.608887
-0.569715,-831.496643
-0.573784,-846.859375
-0.577853,-824.122009
-0.581923,-844.173218
-0.585992,-849.207886
-0.590061,-840.325623
-0.594131,-842.169312
-0.598200,-827.069763
-0.602269,-820.667908
-0.606339,-842.933350
-0.610409,-857.530273
-0.614478,-827.982056
-0.618547,-820.551025
-0.622617,-835.411499
-0.626686,-843.109680
-0.630755,-835.074463
-0.634825,-845.344055
-0.638894,-840.706970
-0.642963,-858.683350
-0.647033,-854.262268
-0.651102,-843.384827
-0.655171,-842.000916
-0.659241,-815.561401
-0.663310,-839.560669
-0.667379,-846.373535
-0.671449,-837.599915
-0.675518,-829.796570
-0.679587,-818.723633
-0.683657,-812.114563
-0.687726,-830.328064
-0.691795,-821.881165
-0.695866,-842.617126
-0.699935,-837.481628
-0.704004,-841.250549
-0.708074,-825.721436
-0.712143,-853.167847
-0.716212,-838.257263
-0.720282,-847.673035
-0.724351,-822.159607
-0.728420,-869.264648
-0.732490,-839.241089
-0.736559,-834.434265
-0.740628,-831.374634
-0.744698,-836.153137
-0.748767,-868.978088
-0.752836,-869.607849
-0.756906,-874.660522
-0.760975,-891.512329
-0.765044,-878.541199
-0.769114,-876.263916
-0.773183,-872.793640
-0.777252,-860.343384
-0.781322,-869.929749
-0.785392,-853.812927
-0.789461,-868.739990
-0.793530,-867.574768
-0.797600,-845.787048
-0.801669,-873.279968
-0.805738,-878.336121
-0.809808,-853.855408
-0.813877,-821.313477
-0.817946,-876.334900
-0.822016,-864.174500
-0.826085,-856.106384
-0.830154,-832.544189
-0.834224,-859.057251
-0.838293,-872.659851
-0.842362,-853.387268
-0.846432,-861.336975
-0.850501,-857.362244
-0.854570,-842.078003
-0.858640,-828.266052
-0.862709,-843.145020
-0.866779,-867.615540
-0.870849,-855.245850
-0.874918,-847.110901
-0.878987,-854.202026
-0.883057,-881.594543
-0.887126,-852.177612
-0.891195,-854.607483
-0.895265,-835.028137
-0.899334,-850.484680
-0.903403,-862.800476
-0.907473,-858.302124
-0.911542,-842.867371
-0.915611,-850.525452
-0.919681,-854.315613
-0.923750,-858.597229
-0.927819,-848.129089
-0.931889,-880.449951
-0.935958,-858.417725
-0.940027,-844.688171
-0.944097,-847.990723
-0.948166,-845.832825
-0.952236,-842.705139
-0.956306,-835.485962
-0.960375,-852.305359
-0.964444,-861.411560
-0.968513,-857.262939
-0.972583,-847.725220
-0.976652,-861.329651
-0.980721,-854.969055
-0.984791,-863.024902
-0.988860,-859.264160
-0.992929,-843.328979
-0.996999,-852.243164
-1.001068,-848.712769
-1.005137,-843.322693
-1.009207,-842.701538
-1.013276,-842.305786
-1.017345,-867.832153
-1.021415,-847.911255
-1.025484,-855.520874
-1.029553,-854.676758
-1.033623,-839.928528
-1.037693,-828.716248
-1.041762,-867.493530
-1.045832,-844.053223
-1.049901,-830.206421
-1.053970,-843.977417
-1.058040,-845.206787
-1.062109,-833.911438
-1.066178,-851.585083
-1.070248,-857.322083
-1.074317,-839.120605
-1.078386,-862.375610
-1.082456,-855.179810
-1.086525,-845.532654
-1.090594,-836.019592
-1.094664,-835.216248
-1.098733,-843.354614
-1.102802,-821.755859
-1.106872,-853.565918
-1.110941,-838.100220
-1.115010,-835.285339
-1.119080,-857.128906
-1.123150,-853.172913
-1.127219,-857.714783
-1.131289,-846.872131
-1.135358,-833.493225
-1.139427,-844.536133
-1.143497,-836.442078
-1.147566,-822.955750
-1.151635,-855.868896
-1.155704,-850.258606
-1.159774,-827.947937
-1.163843,-842.274353
-1.167912,-821.021362
-1.171982,-819.748108
-1.176051,-814.454285
-1.180120,-841.233398
-1.184190,-815.232239
-1.188259,-842.769958
-1.192328,-821.341309
-1.196398,-840.870728
-1.200467,-821.044495
-1.204536,-837.694946
-1.208607,-827.307129
-1.212676,-830.233215
-1.216745,-840.216248
-1.220815,-830.837830
-1.224884,-813.763184
-1.228953,-846.802063
-1.233023,-821.242371
-1.237092,-850.856750
-1.241161,-831.915710
-1.245231,-810.737610
-1.249300,-840.149963
-1.253369,-863.479858
-1.257439,-853.033630
-1.261508,-837.176819
-1.265577,-841.965759
-1.269647,-827.221191
-1.273716,-828.594849
-1.277785,-861.659851
-1.281855,-858.902527
-1.285924,-831.710510
-1.289994,-827.829285
-1.294064,-852.761353
-1.298133,-841.289612
-1.302202,-836.782715
-1.306272,-839.703125
-1.310341,-818.583801
-1.314410,-842.172546
-1.318480,-827.474670
-1.322549,-837.246460
-1.326618,-824.931702
-1.330688,-816.788818
-1.334757,-834.376770
-1.338826,-842.854248
-1.342896,-836.952576
-1.346965,-831.483154
-1.351034,-850.128662
-1.355103,-874.505798
-1.359173,-914.513733
-1.363242,-926.747803
-1.367311,-879.350220
-1.371381,-850.966370
-1.375451,-833.314270
-1.379520,-839.101624
-1.383590,-836.361694
-1.387659,-835.728821
-1.391728,-843.479797
-1.395798,-841.420410
-1.399867,-863.901672
-1.403936,-828.000610
-1.408006,-842.640991
-1.412075,-852.037720
-1.416144,-817.071289
-1.420214,-835.544495
-1.424283,-819.468384
-1.428352,-835.433167
-1.432422,-838.387817
-1.436491,-838.263123
-1.440560,-810.529846
-1.444630,-823.040344
-1.448699,-825.260315
-1.452768,-835.131470
-1.456838,-851.302368
-1.460908,-840.139343
-1.464977,-823.953552
-1.469047,-846.430115
-1.473116,-808.456909
-1.477185,-825.522644
-1.481255,-862.061279
-1.485324,-831.495056
-1.489393,-845.951660
-1.493463,-835.204041
-1.497532,-820.376648
-1.501601,-828.146545
-1.505671,-856.416809
-1.509740,-838.144714
-1.513809,-842.123413
-1.517879,-821.144226
-1.521948,-817.406128
-1.526017,-840.402588
-1.530087,-818.477112
-1.534156,-835.599976
-1.538225,-835.158142
-1.542295,-817.354431
-1.546365,-837.076233
-1.550434,-809.824890
-1.554503,-832.509155
-1.558573,-815.504700
-1.562642,-812.189331
-1.566711,-836.924744
-1.570781,-844.778992
-1.574850,-834.474182
-1.578919,-818.609497
-1.582989,-838.794861
-1.587058,-828.815430
-1.591127,-813.469482
-1.595197,-817.647339
-1.599266,-803.706726
-1.603335,-826.370361
-1.607405,-821.331421
-1.611474,-814.822083
-1.615543,-814.377686
-1.619613,-816.480774
-1.623682,-821.873230
-1.627751,-832.915649
-1.631822,-826.763672
-1.635891,-825.729858
-1.639960,-814.696777
-1.644030,-820.879456
-1.648099,-835.869568
-1.652168,-822.433716
-1.656238,-818.980957
-1.660307,-780.625549
-1.664376,-804.597778
-1.668446,-788.361633
-1.672515,-766.593689
-1.676584,-778.575806
-1.680654,-785.605103
-1.684723,-804.297974
-1.688792,-793.674500
-1.692862,-813.567749
-1.696931,-802.261047
-1.701000,-797.702698
-1.705070,-798.796143
-1.709139,-819.330261
-1.713208,-771.641907
-1.717278,-791.234436
-1.721348,-803.106995
-1.725417,-818.139832
-1.729486,-818.426025
-1.733556,-828.651489
-1.737625,-840.385681
-1.741694,-808.071838
-1.745764,-806.570740
-1.749833,-818.974243
-1.753902,-831.316345
-1.757972,-811.388000
-1.762041,-832.310730
-1.766110,-805.012329
-1.770180,-829.880676
-1.774249,-815.358643
-1.778318,-824.395508
-1.782388,-824.835022
-1.786457,-818.241150
-1.790526,-827.780029
-1.794596,-819.407959
-1.798665,-820.804993
-1.802735,-818.093079
-1.806805,-842.770142
-1.810874,-811.144531
-1.814943,-802.578613
-1.819013,-821.719055
-1.823082,-809.599304
-1.827151,-809.040649
-1.831221,-775.558167
-1.835290,-790.410278
-1.839359,-772.711060
-1.843429,-739.460938
-1.847498,-717.806335
-1.851567,-732.156372
-1.855637,-754.615112
-1.859707,-813.877136
-1.863775,-835.815247
-1.867846,-828.400208
-1.871914,-835.465515
-1.875984,-825.736450
-1.880053,-847.590393
-1.884123,-842.333923
-1.888191,-839.254333
-1.892262,-843.680176
-1.896330,-845.876465
-1.900400,-832.800964
-1.904469,-851.288391
-1.908539,-836.011963
-1.912607,-841.887146
-1.916677,-862.907166
-1.920746,-825.447998
-1.924816,-840.987000
-1.928886,-843.251343
-1.932955,-839.255310
-1.937025,-834.045776
-1.941093,-826.392395
-1.945164,-827.053467
-1.949232,-847.026489
-1.953302,-844.854858
-1.957371,-825.946838
-1.961441,-843.189514
-1.965509,-829.026367
-1.969580,-862.220032
-1.973648,-819.914856
-1.977718,-851.263428
-1.981787,-835.448792
-1.985857,-819.778687
-1.989925,-836.361328
-1.993996,-849.166077
-1.998064,-823.878235
-2.002134,-847.709167
-2.006203,-843.347290
-2.010273,-847.925598
-2.014343,-857.815979
-2.018412,-847.230469
-2.022482,-851.869446
-2.026550,-851.251038
-2.030621,-844.313660
-2.034689,-860.036438
-2.038759,-853.966309
-2.042828,-817.848328
-2.046898,-834.457886
-2.050966,-864.589172
-2.055037,-816.565063
-2.059105,-810.919189
-2.063175,-838.361206
-2.067244,-875.492615
-2.071314,-831.101135
-2.075382,-824.392578
-2.079453,-852.575745
-2.083521,-854.153625
-2.087591,-843.246399
-2.091660,-831.382629
-2.095730,-805.512573
-2.099800,-832.945374
-2.103868,-847.398071
-2.107939,-844.743225
-2.112007,-845.529480
-2.116077,-853.288635
-2.120146,-836.186707
-2.124216,-835.798096
-2.128284,-827.872620
-2.132355,-843.865417
-2.136423,-836.575500
-2.140493,-835.974792
-2.144562,-835.228088
-2.148632,-836.561768
-2.152700,-806.605469
-2.156771,-815.628845
-2.160839,-831.183472
-2.164909,-833.936218
-2.168978,-854.514526
-2.173048,-845.938904
-2.177116,-849.329346
-2.181187,-836.226074
-2.185257,-833.279053
-2.189325,-819.623169
-2.193396,-818.657471
-2.197464,-838.199036
-2.201534,-833.523315
-2.205603,-837.048706
-2.209673,-830.928467
-2.213741,-841.757629
-2.217812,-855.216003
-2.221880,-857.764832
-2.225950,-849.484009
-2.230019,-848.547058
-2.234089,-848.570923
-2.238157,-834.678162
-2.242228,-842.617310
-2.246296,-825.293945
-2.250366,-836.946777
-2.254435,-846.398132
-2.258505,-823.015747
-2.262573,-861.296753
-2.266644,-835.015320
-2.270714,-871.871948
-2.274782,-837.001709
-2.278852,-857.988159
-2.282921,-838.463623
-2.286991,-857.091248
-2.291059,-857.283203
-2.295130,-841.177979
-2.299198,-847.072571
-2.303268,-846.587524
-2.307337,-874.444214
-2.311407,-915.686523
-2.315475,-887.344604
-2.319546,-853.294617
-2.323614,-834.529175
-2.327684,-828.136047
-2.331753,-815.130371
-2.335823,-822.607788
-2.339891,-805.811218
-2.343962,-801.593750
-2.348030,-801.474792
-2.352100,-825.184326
-2.356171,-817.759460
-2.360239,-829.821899
-2.364309,-830.085815
-2.368378,-812.520935
-2.372448,-822.811523
-2.376516,-828.214478
-2.380587,-836.515991
-2.384655,-826.112427
-2.388725,-829.848083
-2.392794,-842.085083
-2.396864,-809.855774
-2.400932,-837.154846
-2.405003,-816.807739
-2.409071,-833.892700
-2.413141,-824.214539
-2.417210,-840.549500
-2.421280,-855.003113
-2.425348,-835.442505
-2.429419,-823.741455
-2.433487,-835.495789
-2.437557,-847.649780
-2.441628,-814.468262
-2.445696,-848.563049
-2.449766,-845.056396
-2.453835,-831.402222
-2.457905,-835.927917
-2.461973,-832.714172
-2.466043,-817.349792
-2.470112,-831.272278
-2.474182,-837.502075
-2.478251,-824.829590
-2.482321,-819.153809
-2.486389,-801.744629
-2.490459,-823.667542
-2.494528,-813.676697
-2.498598,-830.382446
-2.502666,-858.551208
-2.506737,-846.862488
-2.510805,-832.001221
-2.514875,-808.473877
-2.518944,-829.875427
