14.092235,-3684.001465
14.088165,-2680.927734
14.084096,-2681.966064
14.080027,-2715.130127
14.075957,-2695.075439
14.071888,-2716.784180
14.067819,-2662.729248
14.063749,-2702.917969
14.059680,-2716.180664
14.055611,-2690.891846
14.051541,-2686.997803
14.047471,-2728.217773
14.043402,-2690.687500
14.039332,-2704.864502
14.035263,-2714.820068
14.031194,-2726.694824
14.027124,-2726.075195
14.023055,-2750.424561
14.018986,-2655.687012
14.014916,-2767.800781
14.010847,-2675.901123
14.006778,-2720.816406
14.002708,-2694.338379
13.998639,-2679.259033
13.994570,-2654.671631
13.990500,-2697.923340
13.986431,-2711.105713
13.982362,-2704.787598
13.978292,-2714.643799
13.974223,-2681.651123
13.970154,-2720.735596
13.966084,-2719.041504
13.962014,-2704.805664
13.957945,-2696.616699
13.953876,-2692.169189
13.949806,-2702.214111
13.945737,-2653.209473
13.941668,-2638.544189
13.937598,-2681.661621
13.933529,-2681.355469
13.929460,-2627.060303
13.925390,-2703.556885
13.921321,-2615.446777
13.917252,-2686.024170
13.913182,-2723.417725
13.909113,-2719.274902
13.905044,-2644.850098
13.900974,-2713.808105
13.896905,-2704.531738
13.892836,-2744.484131
13.888766,-2762.788330
13.884697,-2763.702881
13.880628,-2674.244385
13.876557,-2720.739014
13.872488,-2732.748291
13.868419,-2698.874268
13.864349,-2752.137939
13.860280,-2657.187256
13.856211,-2704.333496
13.852141,-2692.375732
13.848072,-2734.206543
13.844003,-2753.696045
13.839933,-2724.923096
13.835864,-2762.880371
13.831795,-2733.459961
13.827725,-2745.966064
13.823656,-2725.327148
13.819587,-2697.640625
13.815517,-2743.725830
13.811448,-2702.339844
13.807379,-2745.000244
13.803309,-2689.506592
13.799240,-2739.046387
13.795170,-2682.205322
13.791101,-2726.941895
13.787031,-2711.811279
13.782962,-2657.785645
13.778893,-2738.660156
13.774823,-2668.999268
13.770754,-2735.558350
13.766685,-2697.436035
13.762615,-2720.593506
13.758546,-2655.081543
13.754477,-2678.899414
13.750407,-2708.890381
13.746338,-2701.069580
13.742269,-2693.666260
13.738199,-2683.729004
13.734130,-2721.698730
13.730061,-2745.289063
13.725991,-2765.705322
13.721922,-2757.657959
13.717853,-2704.524902
13.713783,-2707.872559
13.709713,-2715.216064
13.705644,-2710.973877
13.701574,-2722.337158
13.697505,-2775.109863
13.693436,-2756.774414
13.689366,-2716.622314
13.685297,-2697.603271
13.681228,-2742.329590
13.677158,-2755.790771
13.673089,-2693.448730
13.669020,-2790.638916
13.664950,-2717.709473
13.660881,-2707.440186
13.656812,-2745.774170
13.652742,-2717.057373
13.648673,-2732.770264
13.644604,-2724.529053
13.640534,-2712.131348
13.636465,-2719.958740
13.632396,-2736.356689
13.628326,-2732.930908
13.624256,-2739.223145
13.620187,-2707.935059
13.616117,-2706.584473
13.612048,-2724.200928
13.607979,-2733.518066
13.603909,-2749.534668
13.599840,-2722.475586
13.595771,-2721.947754
13.591702,-2744.033691
13.587632,-2749.204590
13.583563,-2752.731934
13.579494,-2730.115234
13.575424,-2682.974365
13.571355,-2692.036621
13.567286,-2717.020264
13.563216,-2731.528564
13.559147,-2743.781250
13.555078,-2751.094971
13.551008,-2679.227051
13.546939,-2732.296143
13.542870,-2772.671143
13.538799,-2729.680664
13.534730,-2720.592041
13.530661,-2716.913574
13.526591,-2764.730713
13.522522,-2720.327393
13.518453,-2758.760498
13.514383,-2700.193359
13.510314,-2727.137939
13.506245,-2711.623291
13.502175,-2715.148438
13.498106,-2709.973389
13.494037,-2753.723145
13.489967,-2721.787842
13.485898,-2723.509521
13.481829,-2740.324707
13.477759,-2727.454590
13.473690,-2792.922119
13.469621,-2736.063477
13.465551,-2760.159912
13.461482,-2774.675781
13.457413,-2747.455811
13.453342,-2778.101318
13.449273,-2744.492920
13.445204,-2707.370361
13.441134,-2696.625244
13.437065,-2782.300537
13.432996,-2747.688965
13.428926,-2813.781738
13.424857,-2748.365723
13.420788,-2704.356934
13.416718,-2772.188477
13.412649,-2778.977295
13.408580,-2833.507568
13.404510,-2728.229980
13.400441,-2746.886475
13.396372,-2738.426514
13.392303,-2718.625244
13.388233,-2746.011230
13.384164,-2668.567627
13.380095,-2726.770020
13.376025,-2721.087402
13.371956,-2727.224365
13.367886,-2738.843994
13.363816,-2732.507324
13.359747,-2789.160156
13.355678,-2760.000244
13.351608,-2716.753906
13.347539,-2727.977539
13.343470,-2782.443115
13.339400,-2720.704346
13.335331,-2753.883301
13.331262,-2701.009521
13.327192,-2723.754883
13.323123,-2736.179932
13.319054,-2732.236084
13.314984,-2729.605469
13.310915,-2776.651123
13.306846,-2772.394287
13.302776,-2761.660645
13.298707,-2730.992676
13.294638,-2779.248779
13.290568,-2738.459229
13.286499,-2744.430420
13.282429,-2727.493896
13.278359,-2707.421143
13.274290,-2761.162598
13.270221,-2698.197510
13.266151,-2772.599609
13.262082,-2729.272461
13.258013,-2707.305420
13.253943,-2726.892334
13.249874,-2738.773682
13.245805,-2773.621582
13.241735,-2797.708496
13.237666,-2798.802002
13.233597,-2775.261719
13.229527,-2756.493652
13.225458,-2799.635254
13.221389,-2763.422119
13.217319,-2779.719727
13.213250,-2798.021484
13.209181,-2739.298584
13.205112,-2794.598145
13.201042,-2709.829834
13.196972,-2772.089111
13.192903,-2717.262207
13.188833,-2783.420410
13.184764,-2704.020996
13.180695,-2782.007813
13.176625,-2732.649902
13.172556,-2784.824707
13.168487,-2751.504883
13.164417,-2790.940430
13.160348,-2728.372314
13.156279,-2760.278564
13.152209,-2788.938477
13.148140,-2767.748535
13.144071,-2771.885010
13.140001,-2711.049072
13.135932,-2794.771240
13.131863,-2741.752197
13.127793,-2757.375000
13.123724,-2709.229736
13.119655,-2703.860352
13.115585,-2744.267822
13.111515,-2784.599854
13.107446,-2744.607666
13.103376,-2789.193848
13.099307,-2750.711670
13.095238,-2709.140869
13.091168,-2732.151123
13.087099,-2766.836182
13.083030,-2741.467285
13.078960,-2799.425781
13.074891,-2814.673584
13.070822,-2744.432617
13.066752,-2740.840332
13.062683,-2799.736328
13.058614,-2734.902344
13.054544,-2737.969971
13.050475,-2785.955811
13.046406,-2745.915039
13.042336,-2798.359131
13.038267,-2790.058594
13.034197,-2804.052979
13.030128,-2725.628906
13.026058,-2722.762939
13.021989,-2753.780518
13.017920,-2761.018311
13.013850,-2773.139648
13.009781,-2763.205811
13.005712,-2768.465088
13.001642,-2777.480957
12.997573,-2723.887939
12.993504,-2739.906250
12.989434,-2734.836914
12.985365,-2776.485107
12.981296,-2754.857422
12.977226,-2729.083008
12.973157,-2758.624268
12.969088,-2802.478271
12.965018,-2779.101318
12.960949,-2810.098389
12.956880,-2791.270020
12.952810,-2783.109619
12.948740,-2748.247803
12.944672,-2713.971680
12.940601,-2728.675293
12.936532,-2775.920898
12.932463,-2781.353027
12.928393,-2773.064453
12.924324,-2764.796875
12.920255,-2748.517090
12.916185,-2787.087646
12.912116,-2785.886230
12.908047,-2751.297363
12.903977,-2761.131348
12.899908,-2748.579102
12.895839,-2761.904785
12.891769,-2796.811279
12.887700,-2798.575195
12.883631,-2735.998779
12.879561,-2763.412109
12.875492,-2750.584961
12.871423,-2810.576416
12.867353,-2768.957764
12.863283,-2783.848145
12.859215,-2772.327393
12.855145,-2742.738281
12.851075,-2737.571533
12.847006,-2756.131836
12.842937,-2739.785889
12.838867,-2755.740723
12.834798,-2745.590820
12.830729,-2721.097412
12.826659,-2800.377686
12.822590,-2749.994141
12.818521,-2800.306152
12.814451,-2806.587646
12.810382,-2757.240967
12.806313,-2773.728760
12.802243,-2739.952881
12.798174,-2732.559814
12.794105,-2776.423584
12.790035,-2783.981201
12.785966,-2852.497314
12.781897,-2787.977539
12.777826,-2753.862549
12.773758,-2758.145508
12.769688,-2757.159912
12.765618,-2781.464844
12.761549,-2787.679932
12.757480,-2782.230713
12.753410,-2786.709961
12.749341,-2763.425781
12.745272,-2761.140625
12.741202,-2785.009033
12.737133,-2788.613037
12.733064,-2768.579834
12.728994,-2713.296143
12.724925,-2743.925537
12.720856,-2820.621338
12.716786,-2808.843262
12.712717,-2768.525391
12.708648,-2761.874512
12.704578,-2775.217041
12.700509,-2730.739014
12.696440,-2765.968994
12.692369,-2732.597168
12.688301,-2794.368896
12.684231,-2768.945801
12.680161,-2756.365723
12.676092,-2752.398438
12.672023,-2817.920654
12.667953,-2819.513428
12.663884,-2740.735352
12.659815,-2746.629150
12.655746,-2717.955566
12.651676,-2789.526855
12.647607,-2689.179199
12.643538,-2686.320313
12.639468,-2783.976807
12.635399,-2734.814453
12.631330,-2779.456787
12.627260,-2755.403809
12.623191,-2755.181885
12.619122,-2738.374756
12.615052,-2679.139648
12.610983,-2706.687012
12.606913,-2710.988037
12.602844,-2691.275879
12.598774,-2674.989990
12.594705,-2731.049072
12.590635,-2758.388184
12.586566,-2703.958984
12.582497,-2807.378662
12.578427,-2817.600098
12.574358,-2789.599609
12.570289,-2806.397705
12.566219,-2765.088379
12.562150,-2833.574951
12.558081,-2776.300049
12.554011,-2769.500488
12.549942,-2813.493652
12.545873,-2744.173828
12.541803,-2799.332275
12.537734,-2807.376465
12.533665,-2779.110107
12.529595,-2757.656982
12.525526,-2779.747070
12.521456,-2779.345947
12.517387,-2800.213623
12.513317,-2840.496338
12.509248,-2774.691895
12.505178,-2784.111816
12.501109,-2781.887695
12.497040,-2709.476563
12.492970,-2735.799561
12.488901,-2795.849854
12.484832,-2781.816895
12.480762,-2774.353027
12.476693,-2802.874756
12.472624,-2781.389648
12.468554,-2792.491211
12.464485,-2801.353760
12.460416,-2716.965088
12.456347,-2743.068848
12.452277,-2798.686523
12.448208,-2763.965820
12.444139,-2769.979736
12.440069,-2794.544678
12.435999,-2780.127197
12.431931,-2786.500000
12.427860,-2790.727295
12.423791,-2775.118408
12.419722,-2776.686279
12.415652,-2825.392822
12.411583,-2791.739502
12.407514,-2845.349121
12.403444,-2771.739014
12.399375,-2779.783203
12.395306,-2760.669189
12.391236,-2822.211914
12.387167,-2860.700195
12.383098,-2759.688721
12.379028,-2847.489258
12.374959,-2770.636230
12.370890,-2729.058350
12.366820,-2777.181885
12.362751,-2775.212646
12.358682,-2769.460693
12.354612,-2817.461426
12.350542,-2807.417725
12.346474,-2803.492188
12.342403,-2792.458740
12.338334,-2730.392334
12.334265,-2708.852295
12.330195,-2784.006592
12.326126,-2774.980469
12.322057,-2797.965820
12.317987,-2800.923096
12.313918,-2759.681885
12.309849,-2792.687988
12.305779,-2852.115479
12.301710,-2738.256348
12.297641,-2763.857178
12.293571,-2765.531250
12.289502,-2791.726563
12.285433,-2779.682861
12.281363,-2837.645752
12.277294,-2761.037598
12.273225,-2791.498291
12.269156,-2837.137695
12.265085,-2779.468506
12.261017,-2831.392578
12.256947,-2780.063232
12.252877,-2796.308838
12.248808,-2783.183105
12.244739,-2844.825439
12.240669,-2809.703125
12.236600,-2735.873535
12.232531,-2744.221924
12.228461,-2764.805420
12.224392,-2814.149902
12.220323,-2826.917236
12.216253,-2837.590088
12.212184,-2782.067871
12.208115,-2787.409424
12.204045,-2804.220703
12.199976,-2836.855713
12.195907,-2802.310547
12.191837,-2776.387939
12.187768,-2760.802490
12.183699,-2774.173584
12.179628,-2824.061279
12.175560,-2825.456055
12.171490,-2812.904541
12.167420,-2770.757080
12.163351,-2779.705078
12.159282,-2817.915527
12.155212,-2853.812988
12.151143,-2809.979736
12.147074,-2786.049316
12.143004,-2822.840820
12.138935,-2793.681152
12.134866,-2810.027588
12.130796,-2748.342285
12.126727,-2803.412598
12.122658,-2790.666748
12.118588,-2790.357178
12.114519,-2848.277100
12.110450,-2768.358887
12.106380,-2800.355225
12.102311,-2788.106689
12.098242,-2780.399902
12.094172,-2788.283936
12.090103,-2735.818359
12.086033,-2754.579102
12.081964,-2780.980225
12.077894,-2826.674072
12.073825,-2754.441895
12.069756,-2809.445313
12.065686,-2788.150635
12.061617,-2805.870850
12.057548,-2798.160400
12.053478,-2839.854492
12.049409,-2831.667480
12.045340,-2795.126465
12.041270,-2813.150879
12.037201,-2749.551270
12.033132,-2814.656982
12.029062,-2779.557617
12.024993,-2794.280518
12.020924,-2816.007813
12.016853,-2835.218506
12.012785,-2792.873779
12.008715,-2851.113770
12.004646,-2814.573242
12.000576,-2827.946289
11.996507,-2779.283936
11.992437,-2782.983643
11.988368,-2811.423096
11.984299,-2813.530762
11.980229,-2800.893066
11.976160,-2798.027832
11.972091,-2754.135010
11.968021,-2782.557373
11.963952,-2838.861084
11.959883,-2779.059570
11.955813,-2809.997314
11.951744,-2844.751953
11.947675,-2832.979980
11.943605,-2766.462402
11.939536,-2823.013672
11.935467,-2814.399902
11.931396,-2794.490967
11.927328,-2822.413086
11.923258,-2800.848877
11.919189,-2767.631104
11.915119,-2781.804688
11.911050,-2806.452637
11.906981,-2760.870117
11.902911,-2860.745850
11.898842,-2789.989990
11.894773,-2779.179199
11.890703,-2859.635986
11.886634,-2786.453857
11.882565,-2835.508545
11.878495,-2752.223633
11.874426,-2818.755371
11.870357,-2810.829102
11.866287,-2816.785156
11.862218,-2785.025635
11.858149,-2840.744141
11.854079,-2818.017334
11.850010,-2787.260254
11.845940,-2801.284668
11.841871,-2847.323975
11.837801,-2779.266846
11.833733,-2859.966797
11.829662,-2818.263916
11.825593,-2794.734863
11.821524,-2822.323730
11.817454,-2828.049805
11.813385,-2822.309082
11.809316,-2846.268066
11.805246,-2774.138184
11.801177,-2793.679688
11.797108,-2780.943604
11.793038,-2819.245850
11.788969,-2722.321289
11.784900,-2778.449463
11.780830,-2824.990234
11.776761,-2769.409668
11.772692,-2779.425537
11.768622,-2779.443115
11.764553,-2841.164795
11.760483,-2801.459717
11.756414,-2882.834717
11.752344,-2791.582520
11.748276,-2815.506592
11.744205,-2769.986328
11.740136,-2856.574463
11.736067,-2816.793945
11.731997,-2795.106201
11.727928,-2809.497070
11.723859,-2799.062256
11.719790,-2803.859375
11.715720,-2772.716064
11.711651,-2744.077881
11.707582,-2795.805664
11.703512,-2768.558105
11.699443,-2744.957764
11.695374,-2806.830078
11.691304,-2782.883301
11.687235,-2737.438965
11.683166,-2813.938232
11.679096,-2763.758545
11.675026,-2816.922363
11.670958,-2752.403564
11.666887,-2774.309082
11.662819,-2788.952637
11.658749,-2795.603760
11.654679,-2823.579346
11.650610,-2802.977539
11.646541,-2779.500977
11.642471,-2780.127197
11.638402,-2787.155762
11.634333,-2732.399902
11.630263,-2797.637451
11.626194,-2795.394287
11.622125,-2811.195557
11.618055,-2798.676514
11.613986,-2790.355225
11.609917,-2819.199951
11.605847,-2807.221191
11.601778,-2796.753174
11.597709,-2861.025635
11.593639,-2776.488770
11.589569,-2793.103760
11.585501,-2781.550293
11.581430,-2804.217285
11.577362,-2827.795898
11.573292,-2809.129150
11.569222,-2780.603271
11.565153,-2825.384277
11.561084,-2807.755127
11.557014,-2806.170166
11.552945,-2774.675293
11.548876,-2834.220215
11.544806,-2795.910889
11.540737,-2860.991699
11.536668,-2772.009521
11.532598,-2830.721924
11.528529,-2856.190186
11.524460,-2811.184814
11.520391,-2856.238770
11.516321,-2816.435303
11.512252,-2805.630615
11.508183,-2840.622314
11.504112,-2788.743896
11.500044,-2798.207764
11.495974,-2805.568604
11.491905,-2838.273926
11.487835,-2772.185791
11.483766,-2822.791504
11.479696,-2840.826904
11.475627,-2798.581055
11.471558,-2817.249023
11.467488,-2813.787109
11.463419,-2834.336182
11.459350,-2767.835693
11.455280,-2816.462402
11.451211,-2791.392578
11.447142,-2776.870605
11.443072,-2725.207764
11.439003,-2792.168945
11.434934,-2840.667969
11.430864,-2763.772705
11.426795,-2786.851563
11.422726,-2788.196045
11.418655,-2780.408691
11.414587,-2815.703369
11.410517,-2814.644287
11.406448,-2779.292969
11.402378,-2757.914307
11.398309,-2855.895508
11.394239,-2774.527100
11.390170,-2763.687500
11.386101,-2847.618408
11.382031,-2818.961182
11.377962,-2790.625488
11.373893,-2743.572021
11.369823,-2828.871338
11.365754,-2819.341797
11.361685,-2823.976318
11.357615,-2819.814941
11.353546,-2821.901367
11.349477,-2797.904297
11.345407,-2810.171631
11.341338,-2838.781738
11.337269,-2767.967773
11.333199,-2749.382324
11.329130,-2782.154541
11.325060,-2773.167725
11.320992,-2825.746094
11.316921,-2801.790039
11.312852,-2761.890869
11.308783,-2837.745850
11.304713,-2815.425781
11.300644,-2782.619629
11.296575,-2817.784668
11.292505,-2830.920410
11.288436,-2824.289307
11.284367,-2787.899902
11.280297,-2800.481689
11.276228,-2794.955811
11.272159,-2845.856201
11.268089,-2846.558838
11.264020,-2796.872803
11.259951,-2826.618164
11.255881,-2848.579102
11.251812,-2823.019775
11.247742,-2851.083984
11.243673,-2768.637939
11.239603,-2805.989258
11.235535,-2771.779785
11.231464,-2808.869141
11.227395,-2840.741943
11.223326,-2797.055664
11.219256,-2837.454590
11.215187,-2808.881104
11.211118,-2797.588379
11.207048,-2789.664307
11.202979,-2854.080811
11.198910,-2806.744141
11.194840,-2800.278809
11.190771,-2820.660156
11.186702,-2791.017578
11.182632,-2821.248291
11.178563,-2856.532715
11.174494,-2798.043213
11.170424,-2812.161133
11.166355,-2742.235840
11.162285,-2771.875244
11.158216,-2822.172607
11.154146,-2853.500000
11.150078,-2819.158691
11.146008,-2802.236816
11.141938,-2812.226318
11.137869,-2795.987549
11.133800,-2837.156250
11.129730,-2889.847412
11.125661,-2754.128418
11.121592,-2852.201904
11.117522,-2768.149414
11.113453,-2791.329102
11.109384,-2836.690186
11.105314,-2781.737793
11.101245,-2854.018066
11.097176,-2780.576416
11.093106,-2814.704346
11.089037,-2773.726563
11.084968,-2816.554199
11.080898,-2775.230957
11.076828,-2841.141846
11.072760,-2764.243164
11.068689,-2794.554199
11.064621,-2788.838379
11.060551,-2852.722900
11.056481,-2781.519287
11.052412,-2790.009766
11.048343,-2778.887451
11.044273,-2782.639404
11.040204,-2732.860107
11.036135,-2806.499756
11.032065,-2776.530273
11.027996,-2821.627686
11.023927,-2814.047852
11.019857,-2810.763428
11.015788,-2767.869873
11.011719,-2787.349365
11.007649,-2783.090088
11.003580,-2778.211670
10.999511,-2759.448242
10.995441,-2760.969482
10.991371,-2778.858643
10.987303,-2752.250732
10.983232,-2576.384033
10.979164,-2766.923340
10.975094,-3025.425537
10.971025,-2867.292480
10.966955,-2847.145996
10.962886,-2867.823975
10.958817,-2834.700928
10.954747,-2833.362061
10.950678,-2814.655762
10.946609,-2837.948730
10.942539,-2807.191406
10.938470,-2873.395508
10.934401,-2838.984619
10.930331,-2840.345459
10.926262,-2846.618652
10.922193,-2819.999756
10.918123,-2820.239014
10.914054,-2790.807861
10.909985,-2888.349854
10.905914,-2827.597656
10.901846,-2806.439697
10.897776,-2807.140381
10.893707,-2824.769531
10.889637,-2821.750244
10.885568,-2801.548340
10.881498,-2796.483154
10.877429,-2822.129150
10.873360,-2791.359863
10.869290,-2806.623047
10.865221,-2842.537842
10.861152,-2814.155273
10.857082,-2792.855225
10.853013,-2862.446777
10.848944,-2802.977295
10.844874,-2753.947998
10.840805,-2797.250732
10.836736,-2812.672119
10.832666,-2787.528809
10.828596,-2831.901611
10.824528,-2790.810059
10.820457,-2806.626221
10.816389,-2840.576660
10.812319,-2809.561768
10.808250,-2777.040283
10.804180,-2888.148926
10.800111,-2808.342529
10.796041,-2844.525146
10.791972,-2874.050537
10.787903,-2797.464111
10.783834,-2843.265869
10.779764,-2846.887695
10.775695,-2819.048340
10.771626,-2817.987061
10.767556,-2778.647461
10.763487,-2825.052246
10.759418,-2816.687744
10.755348,-2795.231201
10.751279,-2802.196289
10.747210,-2761.606689
10.743139,-2862.094727
10.739071,-2824.057373
10.735001,-2874.633301
10.730932,-2803.994873
10.726862,-2793.603760
10.722794,-2866.893799
10.718723,-2952.197021
10.714654,-2903.373535
10.710585,-2721.761475
10.706515,-2879.574707
10.702446,-2700.334717
10.698377,-2832.974365
10.694307,-2834.503174
10.690238,-2839.938477
10.686169,-2828.565918
10.682099,-2764.680908
10.678030,-2822.826904
10.673961,-2796.482422
10.669891,-2794.768311
10.665822,-2837.916992
10.661753,-2791.680420
10.657682,-2865.516113
10.653614,-2823.788818
10.649544,-2817.106934
10.645475,-2852.346680
10.641405,-2838.346191
10.637336,-2840.227783
10.633266,-2816.668457
10.629197,-2823.817383
10.625128,-2809.627686
10.621058,-2838.305420
10.616989,-2826.231201
10.612920,-2816.763184
10.608850,-2780.368408
10.604781,-2790.867432
10.600712,-2807.026855
10.596642,-2831.685791
10.592573,-2830.021973
10.588504,-2873.611572
10.584435,-2818.238037
10.580365,-2826.957520
10.576296,-2851.004150
10.572226,-2823.899170
10.568157,-2840.775146
10.564087,-2871.348389
10.560019,-2838.851318
10.555948,-2792.313965
10.551879,-2842.869873
10.547810,-2819.976807
10.543740,-2806.812988
10.539671,-2835.168701
10.535602,-2858.517334
10.531532,-2787.072266
10.527463,-2871.695313
10.523394,-2826.064697
10.519324,-2891.358643
10.515255,-2970.223389
10.511186,-2946.837646
10.507116,-2988.117676
10.503047,-2989.498047
10.498978,-2968.766357
10.494908,-2894.805176
10.490839,-2773.697266
10.486769,-2784.631592
10.482700,-2801.576172
10.478630,-2813.037598
10.474562,-2800.996826
10.470491,-2842.427490
10.466422,-2844.717041
10.462353,-2778.017822
10.458283,-2840.257324
10.454214,-2829.755859
10.450145,-2847.216553
10.446075,-2858.671631
10.442006,-2839.376221
10.437937,-2767.378418
10.433867,-2788.848145
10.429798,-2770.514893
10.425729,-2832.504150
10.421659,-2809.619141
10.417590,-2804.512207
10.413521,-2818.539551
10.409451,-2843.369629
10.405382,-2835.827637
10.401312,-2853.916016
10.397243,-2843.719238
10.393173,-2766.427246
10.389105,-2876.791016
10.385035,-2835.364746
10.380965,-2781.654053
10.376896,-2826.588135
10.372827,-2851.237305
10.368757,-2811.744873
10.364688,-2866.942627
10.360619,-2862.523438
10.356549,-2857.809570
10.352480,-2819.852051
10.348411,-2855.863037
10.344341,-2864.807129
10.340272,-2792.243408
10.336203,-2874.413818
10.332133,-2807.320801
10.328064,-2805.862061
10.323995,-2913.991943
10.319925,-2797.822998
10.315855,-2762.662598
10.311787,-2813.304932
10.307716,-2821.556152
10.303648,-2804.634766
10.299578,-2835.460449
10.295508,-2833.366455
10.291439,-2820.752930
10.287370,-2819.785889
10.283300,-2818.614014
10.279231,-2777.322510
10.275162,-2816.771240
10.271092,-2837.340088
10.267023,-2820.808838
10.262954,-2860.369629
10.258884,-2767.496094
10.254815,-2850.459717
10.250746,-2769.176270
10.246676,-2811.380859
10.242607,-2820.684326
10.238538,-2790.946045
10.234468,-2812.555420
10.230398,-2787.136719
10.226330,-2829.671631
10.222260,-2757.663330
10.218191,-2822.613281
10.214121,-2846.383545
10.210052,-2787.682373
10.205982,-2815.227051
10.201913,-2798.024170
10.197844,-2837.508789
10.193774,-2789.837158
10.189705,-2817.410645
10.185636,-2800.448486
10.181566,-2808.392090
10.177497,-2819.059570
10.173428,-2806.619629
10.169358,-2827.600830
10.165289,-2810.248291
10.161220,-2838.269531
10.157150,-2790.944336
10.153081,-2765.172852
10.149012,-2769.727783
10.144941,-2785.568848
10.140873,-2802.469238
10.136803,-2832.980469
10.132734,-2823.939209
10.128664,-2828.005371
10.124595,-2783.685547
10.120525,-2818.866699
10.116456,-2793.160400
10.112387,-2804.814941
10.108317,-2828.946045
10.104248,-2790.645020
10.100179,-2852.385254
10.096109,-2889.996338
10.092040,-2813.993896
10.087971,-2808.276611
10.083901,-2760.397949
10.079832,-2825.142578
10.075763,-2809.772217
10.071693,-2850.320801
10.067623,-2801.903076
10.063555,-2821.372559
10.059484,-2777.446777
10.055416,-2774.906006
10.051346,-2869.721436
10.047277,-2811.496338
10.043207,-2807.963623
10.039139,-2833.127930
10.035069,-2804.478516
10.030999,-2823.084473
10.026930,-2795.568848
10.022861,-2784.361816
10.018791,-2812.449707
10.014722,-2818.687500
10.010653,-2812.180908
10.006583,-2827.962402
10.002514,-2819.460938
9.998445,-2796.388428
9.994375,-2808.206299
9.990306,-2811.853027
9.986237,-2824.729492
9.982166,-2809.884033
9.978098,-2839.110107
9.974028,-2765.607422
9.969959,-2786.667480
9.965889,-2773.989258
9.961821,-2830.691650
9.957750,-2812.088867
9.953682,-2802.214600
9.949612,-2807.434570
9.945542,-2812.831055
9.941473,-2823.258057
9.937404,-2820.304443
9.933334,-2834.193359
9.929265,-2794.986816
9.925196,-2767.661133
9.921126,-2856.097656
9.917057,-2850.764648
9.912988,-2852.116943
9.908918,-2780.479980
9.904849,-2817.093994
9.900780,-2808.971191
9.896709,-2811.279785
9.892641,-2882.123535
9.888571,-2786.307129
9.884502,-2817.847900
9.880432,-2826.091309
9.876364,-2820.482910
9.872293,-2799.281982
9.868225,-2736.176025
9.864155,-2823.101563
9.860085,-2784.944092
9.856016,-2777.362061
9.851947,-2827.159180
9.847878,-2836.638428
9.843808,-2808.681885
9.839739,-2807.187012
9.835670,-2795.051270
9.831600,-2836.841064
9.827531,-2776.067383
9.823462,-2824.561523
9.819392,-2829.223389
9.815323,-2817.958496
9.811253,-2798.405518
9.807184,-2855.311279
9.803114,-2822.084473
9.799046,-2827.438965
9.794975,-2814.364258
9.790907,-2838.182129
9.786837,-2827.380615
9.782768,-2765.787354
9.778698,-2798.328125
9.774629,-2800.482178
9.770559,-2784.103516
9.766490,-2723.482910
9.762421,-2706.793457
9.758351,-2608.249756
9.754282,-2904.645508
9.750213,-2874.874512
9.746143,-2832.598389
9.742074,-2829.220947
9.738005,-2794.181885
9.733935,-2850.854736
9.729866,-2829.723145
9.725796,-2916.385986
9.721727,-2896.234131
9.717657,-2815.988525
9.713589,-2851.744873
9.709518,-2843.543945
9.705450,-2807.841064
9.701380,-2773.055908
9.697311,-2818.422363
9.693241,-2832.458008
9.689172,-2768.794678
9.685102,-2821.020508
9.681033,-2841.791016
9.676964,-2805.713623
9.672894,-2776.345215
9.668825,-2875.324707
9.664756,-2775.148682
9.660686,-2872.837646
9.656617,-2834.001709
9.652548,-2815.151611
9.648478,-2819.135010
9.644409,-2791.029785
9.640339,-2793.822998
9.636271,-2764.759766
9.632200,-2821.056396
9.628132,-2855.063721
9.624062,-2834.249756
9.619993,-2833.179199
9.615923,-2781.126953
9.611855,-2831.461426
9.607784,-2842.032471
9.603715,-2786.023438
9.599646,-2802.276611
9.595576,-2845.591064
9.591507,-2840.700928
9.587438,-2820.804932
9.583368,-2813.078857
9.579299,-2832.050293
9.575230,-2813.332764
9.571160,-2865.059570
9.567091,-2805.893311
9.563021,-2857.111328
9.558952,-2795.802979
9.554882,-2839.053711
9.550814,-2808.524414
9.546743,-2838.409668
9.542675,-2773.458008
9.538605,-2802.269287
9.534536,-2861.832764
9.530466,-2787.085938
9.526398,-2845.972168
9.522327,-2851.771729
9.518258,-2842.366943
9.514189,-2862.956299
9.510119,-2783.740967
9.506050,-2825.377930
9.501981,-2834.953857
9.497911,-2815.136719
9.493842,-2804.905518
9.489773,-2827.345459
9.485703,-2790.907471
9.481634,-2780.902100
9.477564,-2811.712891
9.473495,-2807.635986
9.469425,-2863.531250
9.465357,-2816.902588
9.461287,-2824.481201
9.457218,-2817.810547
9.453148,-2800.548828
9.449080,-2864.150879
9.445009,-2848.301758
9.440941,-2808.108154
9.436871,-2853.024170
9.432801,-2772.069580
9.428732,-2811.613770
9.424663,-2831.860352
9.420593,-2788.916992
9.416524,-2778.867676
9.412455,-2795.366943
9.408385,-2817.908203
9.404316,-2802.026123
9.400247,-2778.168213
9.396177,-2739.294434
9.392107,-2852.782715
9.388039,-2807.630127
9.383968,-2782.593994
9.379900,-2831.400635
9.375830,-2831.805908
9.371761,-2809.364014
9.367691,-2907.147949
9.363623,-2854.177734
9.359552,-2819.863770
9.355484,-2801.705811
9.351414,-2827.980713
9.347344,-2825.842285
9.343275,-2814.623535
9.339206,-2799.001221
9.335136,-2813.736816
9.331067,-2829.134033
9.326998,-2830.421875
9.322928,-2779.973145
9.318859,-2846.031738
9.314790,-2837.392822
9.310720,-2852.770264
9.306650,-2841.775635
9.302582,-2853.618896
9.298512,-2818.228027
9.294443,-2852.749023
9.290373,-2841.327148
9.286304,-2829.853027
9.282234,-2820.016846
9.278166,-2841.103027
9.274096,-2854.494629
9.270027,-2837.856689
9.265957,-2869.559326
9.261888,-2847.819824
9.257818,-2856.993164
9.253749,-2819.430176
9.249680,-2917.708984
9.245610,-2826.012451
9.241541,-2865.154053
9.237472,-2848.235352
9.233402,-2871.000732
9.229333,-2913.698730
9.225264,-2857.743408
9.221193,-2860.067139
9.217125,-2859.740234
9.213055,-2927.415527
9.208986,-2894.102051
9.204916,-2946.549072
9.200848,-3065.153809
9.196777,-3007.438965
9.192709,-3160.658447
9.188639,-3260.155273
9.184570,-3349.529785
9.180500,-3565.922363
9.176431,-3607.034180
9.172361,-2993.409912
9.168292,-2784.865234
9.164223,-2755.380615
9.160153,-2759.685303
9.156084,-2721.045898
9.152015,-2763.803955
9.147945,-2762.788574
9.143876,-2765.641357
9.139807,-2725.558594
9.135736,-2762.465820
9.131668,-2771.151123
9.127598,-2840.935791
9.123529,-2821.688477
9.119459,-2774.452393
9.115391,-2795.029785
9.111320,-2801.367432
9.107252,-2829.223877
9.103182,-2785.046875
9.099113,-2788.759521
9.095043,-2772.532227
9.090974,-2777.000244
9.086905,-2745.885498
9.082835,-2803.010254
9.078766,-2789.963867
9.074697,-2833.922119
9.070627,-2815.611328
9.066558,-2769.183594
9.062489,-2807.655762
9.058419,-2763.135254
9.054350,-2837.734863
9.050280,-2791.150635
9.046211,-2786.258789
9.042141,-2788.889648
9.038073,-2772.630127
9.034002,-2771.883545
9.029934,-2778.651123
9.025864,-2814.312012
9.021795,-2795.648926
9.017725,-2788.115967
9.013657,-2809.693604
9.009586,-2831.993408
9.005517,-2789.686035
9.001448,-2759.269043
8.997378,-2827.266846
8.993309,-2772.805176
8.989240,-2782.123047
8.985170,-2768.070801
8.981101,-2794.351074
8.977032,-2774.109375
8.972962,-2781.141846
8.968893,-2775.912842
8.964823,-2848.269531
8.960754,-2798.239746
8.956684,-2801.650879
8.952616,-2816.814453
8.948545,-2764.846680
8.944477,-2794.107178
8.940407,-2783.102051
8.936338,-2777.701172
8.932268,-2769.885254
8.928200,-2748.206055
8.924129,-2780.420166
8.920060,-2812.148926
8.915991,-2766.395752
8.911922,-2781.018555
8.907852,-2744.068359
8.903783,-2810.585938
8.899714,-2832.048096
8.895644,-2777.476807
8.891575,-2778.438965
8.887506,-2806.228760
8.883436,-2825.734375
8.879366,-2805.909180
8.875298,-2800.463867
8.871227,-2778.044678
8.867159,-2824.565918
8.863089,-2751.968750
8.859020,-2754.085205
8.854950,-2763.776123
8.850882,-2798.215088
8.846811,-2801.854004
8.842743,-2770.708984
8.838673,-2783.969238
8.834603,-2827.906738
8.830534,-2806.057861
8.826465,-2799.205322
8.822395,-2752.608887
8.818326,-2772.209717
8.814257,-2798.514893
8.810187,-2820.075195
8.806118,-2785.105225
8.802049,-2791.999512
8.797979,-2827.579590
8.793909,-2777.400391
8.789841,-2776.138184
8.785770,-2741.184814
8.781702,-2784.935547
8.777632,-2791.963379
8.773563,-2774.668945
8.769493,-2816.843506
8.765425,-2787.835693
8.761354,-2759.859863
8.757286,-2731.193604
8.753216,-2810.379639
8.749146,-2785.071045
8.745077,-2773.273193
8.741008,-2804.558105
8.736938,-2802.849609
8.732869,-2766.370605
8.728800,-2793.207764
8.724730,-2808.961670
8.720661,-2785.902588
8.716592,-2802.277100
8.712523,-2720.786865
8.708452,-2858.925293
8.704384,-2753.847412
8.700314,-2737.263916
8.696245,-2771.591064
8.692175,-2769.463379
8.688107,-2782.981689
8.684036,-2787.309326
8.679968,-2749.010742
8.675898,-2753.859375
8.671829,-2800.883789
8.667759,-2827.200439
8.663690,-2769.767822
8.659620,-2771.472412
8.655551,-2796.083252
8.651482,-2820.639893
8.647412,-2835.184570
8.643343,-2794.136230
8.639274,-2734.958740
8.635204,-2778.734375
8.631135,-2726.034912
8.627066,-2807.260742
8.622995,-2782.583984
8.618927,-2783.863525
8.614857,-2763.165283
8.610788,-2800.167480
8.606718,-2780.343750
8.602650,-2786.391113
8.598579,-2813.880615
8.594511,-2776.391846
8.590441,-2738.474609
8.586372,-2789.793945
8.582302,-2797.098877
8.578233,-2776.181641
8.574163,-2752.843262
8.570094,-2741.316895
8.566025,-2742.325928
8.561955,-2765.202148
8.557886,-2745.387451
8.553817,-2757.743408
8.549747,-2773.215820
8.545678,-2763.739502
8.541609,-2732.242920
8.537539,-2773.645752
8.533470,-2789.675537
8.529400,-2787.795654
8.525331,-2811.239258
8.521261,-2801.927246
8.517193,-2754.373535
8.513123,-2773.367188
8.509054,-2764.620850
8.504984,-2770.977783
8.500916,-2745.853516
8.496845,-2751.270996
8.492776,-2751.723389
8.488707,-2698.277832
8.484637,-2754.754395
8.480568,-2779.620850
8.476499,-2744.559814
8.472429,-2790.714355
8.468360,-2755.285400
8.464291,-2754.102783
8.460221,-2776.794922
8.456152,-2795.587402
8.452082,-2722.246094
8.448013,-2810.430664
8.443943,-2755.857178
8.439875,-2785.072510
8.435804,-2765.910400
8.431736,-2765.950684
8.427666,-2752.630859
8.423597,-2768.029541
8.419527,-2736.381348
8.415458,-2718.435791
8.411388,-2759.310547
8.407319,-2754.785400
8.403250,-2811.630127
8.399180,-2797.176514
8.395111,-2749.546387
8.391042,-2729.879883
8.386972,-2777.876709
8.382903,-2775.494873
8.378834,-2759.335938
8.374764,-2752.838135
8.370695,-2775.530518
8.366625,-2758.743896
8.362556,-2771.941162
8.358486,-2741.907959
8.354418,-2725.626221
8.350348,-2784.966553
8.346279,-2680.391113
8.342209,-2709.956055
8.338140,-2725.484375
8.334070,-2699.582275
8.330001,-2706.501953
8.325932,-2718.849854
8.321862,-2734.435303
8.317793,-2778.294678
8.313724,-2732.939697
8.309654,-2787.951172
8.305585,-2792.005615
8.301516,-2775.812256
8.297446,-2800.375488
8.293377,-2759.216309
8.289308,-2722.365967
8.285238,-2834.209473
8.281168,-2767.283203
8.277100,-2755.891602
8.273029,-2783.920410
8.268961,-2751.925293
8.264891,-2755.379883
8.260822,-2790.496338
8.256752,-2715.111572
8.252684,-2755.016357
8.248613,-2746.535889
8.244544,-2742.962158
8.240475,-2800.542236
8.236405,-2706.366455
8.232336,-2771.549805
8.228267,-2771.121338
8.224197,-2756.701904
8.220128,-2760.449219
8.216059,-2706.892822
8.211989,-2722.868652
8.207920,-2725.216064
8.203851,-2728.259766
8.199781,-2775.858154
8.195711,-2786.568115
8.191643,-2802.598633
8.187572,-2690.181152
8.183504,-2749.619629
8.179434,-2800.920166
8.175365,-2741.446289
8.171295,-2753.687256
8.167227,-2772.690430
8.163157,-2777.282959
8.159087,-2761.412598
8.155018,-2780.702148
8.150949,-2775.606445
8.146879,-2758.623779
8.142810,-2759.735596
8.138741,-2761.034668
8.134671,-2774.109131
8.130602,-2740.071289
8.126533,-2732.258789
8.122463,-2796.384033
8.118394,-2821.371338
8.114325,-2761.161133
8.110254,-2747.302002
8.106186,-2761.126221
8.102116,-2739.362549
8.098047,-2766.495361
8.093977,-2759.078613
8.089909,-2698.632813
8.085838,-2757.197266
8.081770,-2772.938477
8.077700,-2738.233887
8.073630,-2746.288086
8.069561,-2703.750977
8.065492,-2743.179688
8.061422,-2740.008301
8.057353,-2720.366211
8.053284,-2758.248291
8.049214,-2763.258545
8.045145,-2755.049805
8.041076,-2778.168457
8.037006,-2782.876953
8.032936,-2779.624023
8.028868,-2673.389160
8.024797,-2728.366455
8.020729,-2779.926025
8.016659,-2693.296875
8.012590,-2802.695313
8.008520,-2791.703857
8.004452,-2774.423828
8.000381,-2710.791992
7.996313,-2731.864014
7.992243,-2711.423584
7.988173,-2786.879395
7.984104,-2745.197998
7.980035,-2709.760498
7.975965,-2790.292725
7.971896,-2749.670410
7.967827,-2722.662842
7.963758,-2837.395996
7.959688,-2780.043701
7.955619,-2698.879150
7.951550,-2712.543213
7.947480,-2759.005127
7.943410,-2732.425293
7.939341,-2776.857910
7.935272,-2779.667480
7.931202,-2722.863281
7.927133,-2691.380371
7.923064,-2774.178223
7.918994,-2750.654785
7.914925,-2736.492676
7.910856,-2700.073242
7.906786,-2759.483643
7.902717,-2694.237549
7.898647,-2740.931641
7.894578,-2753.139893
7.890509,-2773.132080
7.886439,-2720.791260
7.882370,-2716.727783
7.878301,-2734.475830
7.874231,-2705.604004
7.870162,-2767.667969
7.866093,-2743.755127
7.862023,-2756.942871
7.857954,-2782.552734
7.853884,-2751.909424
7.849815,-2757.244629
7.845746,-2757.759033
7.841676,-2803.413818
7.837607,-2779.571777
7.833538,-2772.495117
7.829468,-2706.105713
7.825399,-2742.824219
7.821330,-2721.420166
7.817260,-2745.840332
7.813190,-2760.070313
7.809121,-2738.799072
7.805052,-2741.576172
7.800982,-2751.520020
7.796913,-2705.226563
7.792844,-2689.143311
7.788774,-2743.535156
7.784705,-2690.832520
7.780636,-2740.706055
7.776566,-2768.898682
7.772497,-2782.918945
7.768427,-2746.870850
7.764358,-2705.878662
7.760289,-2699.152344
7.756219,-2682.621582
7.752150,-2752.723389
7.748081,-2742.518311
7.744011,-2732.174316
7.739942,-2688.115479
7.735873,-2728.450439
7.731803,-2761.119385
7.727734,-2750.060303
7.723664,-2703.135742
7.719595,-2725.069336
7.715526,-2706.057129
7.711456,-2702.149170
7.707387,-2713.949219
7.703318,-2744.847900
7.699248,-2762.748291
7.695179,-2714.831543
7.691109,-2758.222656
7.687040,-2739.731934
7.682971,-2710.421143
7.678901,-2729.917969
7.674832,-2730.141846
7.670763,-2726.616211
7.666693,-2703.641846
7.662624,-2714.793945
7.658555,-2743.737061
7.654485,-2663.640625
7.650416,-2690.420654
7.646346,-2691.142822
7.642277,-2677.540527
7.638207,-2695.260498
7.634138,-2705.342285
7.630069,-2688.321777
7.625999,-2663.225342
7.621930,-2728.825684
7.617861,-2716.870361
7.613791,-2750.465576
7.609722,-2710.952148
7.605652,-2723.153809
7.601583,-2702.197754
7.597514,-2654.810791
7.593444,-2732.156494
7.589375,-2726.512695
7.585306,-2694.109619
7.581236,-2696.697510
7.577167,-2688.582275
7.573098,-2698.569336
7.569028,-2690.354004
7.564959,-2648.708252
7.560889,-2811.284912
7.556820,-2780.116211
7.552751,-2755.937256
7.548681,-2756.724609
7.544612,-2679.866211
7.540543,-2722.993896
7.536473,-2696.507568
7.532404,-2695.228760
7.528335,-2717.091309
7.524265,-2751.626465
7.520195,-2738.340576
7.516126,-2734.763184
7.512057,-2740.757080
7.507987,-2701.433838
7.503918,-2748.442139
7.499849,-2689.523682
7.495780,-2745.604980
7.491710,-2699.171387
7.487641,-2747.214844
7.483572,-2676.285400
7.479502,-2707.887939
7.475432,-2680.964844
7.471363,-2674.962402
7.467294,-2721.414063
7.463224,-2677.346436
7.459155,-2755.564941
7.455086,-2699.864258
7.451016,-2674.434326
7.446947,-2719.765381
7.442878,-2681.749023
7.438808,-2690.075439
7.434739,-2707.786377
7.430669,-2663.398438
7.426600,-2710.058838
7.422531,-2650.844238
7.418461,-2713.827637
7.414392,-2740.805420
7.410323,-2619.082764
7.406253,-2646.930176
7.402184,-2651.425293
7.398115,-2707.182129
7.394045,-2681.692383
7.389976,-2685.498047
7.385906,-2698.385986
7.381837,-2681.941162
7.377768,-2663.901611
7.373698,-2680.900635
7.369629,-2700.317139
7.365560,-2718.364014
7.361490,-2706.528809
7.357421,-2691.107422
7.353352,-2654.703613
7.349282,-2712.706543
7.345212,-2650.422852
7.341143,-2636.894287
7.337074,-2641.069092
7.333004,-2651.616211
7.328935,-2678.784668
7.324866,-2671.558594
7.320796,-2620.402100
7.316727,-2673.357666
7.312658,-2636.969971
7.308588,-2658.792725
7.304519,-2616.568848
7.300449,-2625.492676
7.296380,-2596.025391
7.292311,-2628.903320
7.288241,-2545.921875
7.284172,-2565.143799
7.280103,-2631.027832
7.276033,-2618.503418
7.271964,-2708.058838
7.267895,-2622.346924
7.263825,-2668.073730
7.259756,-2698.946289
7.255686,-2672.319092
7.251617,-2677.677490
7.247548,-2628.245361
7.243478,-2673.372559
7.239409,-2625.577393
7.235340,-2607.008545
7.231270,-2681.043457
7.227201,-2647.305908
7.223131,-2674.208740
7.219062,-2702.961914
7.214993,-2663.615967
7.210923,-2638.057373
7.206854,-2683.725830
7.202785,-2676.105225
7.198715,-2721.929443
7.194646,-2657.579102
7.190577,-2633.858643
7.186507,-2654.414551
7.182437,-2635.901367
7.178368,-2683.754150
7.174299,-2650.088379
7.170229,-2619.589355
7.166160,-2638.815674
7.162091,-2640.016113
7.158021,-2661.867920
7.153952,-2645.460449
7.149883,-2677.718994
7.145813,-2673.611816
7.141744,-2668.498291
7.137674,-2657.379395
7.133605,-2655.604980
7.129536,-2642.905762
7.125466,-2659.062256
7.121397,-2662.206299
7.117328,-2630.134521
7.113258,-2641.671143
7.109189,-2605.656250
7.105120,-2650.406982
7.101050,-2706.298096
7.096981,-2614.288330
7.092911,-2647.616211
7.088842,-2680.736084
7.084773,-2660.418457
7.080703,-2583.948730
7.076634,-2581.467041
7.072565,-2601.857910
7.068495,-2677.126221
7.064426,-2699.551270
7.060357,-2656.096680
7.056287,-2684.779541
7.052217,-2686.422119
7.048148,-2701.108154
7.044079,-2660.708252
7.040009,-2659.381348
7.035940,-2642.450439
7.031871,-2615.156738
7.027802,-2599.738525
7.023732,-2655.370605
7.019663,-2640.619629
7.015594,-2573.350586
7.011524,-2621.966553
7.007454,-2613.046631
7.003385,-2625.271729
6.999316,-2669.224121
6.995246,-2646.068848
6.991177,-2644.074219
6.987108,-2605.330811
6.983038,-2636.844238
6.978969,-2632.604492
6.974900,-2604.685303
6.970830,-2631.569580
6.966761,-2680.051758
6.962691,-2620.152832
6.958622,-2578.390137
6.954553,-2623.471680
6.950483,-2640.456055
6.946414,-2632.803223
6.942345,-2573.297607
6.938275,-2584.834961
6.934206,-2584.612305
6.930137,-2575.488281
6.926067,-2633.701172
6.921998,-2642.317871
6.917928,-2615.614746
6.913859,-2598.562500
6.909790,-2621.245117
6.905720,-2669.028809
6.901651,-2611.859863
6.897582,-2649.457520
6.893512,-2647.810303
6.889443,-2592.912109
6.885374,-2548.145020
6.881304,-2590.402588
6.877234,-2665.105957
6.873165,-2607.219238
6.869096,-2644.057861
6.865026,-2626.087402
6.860957,-2615.870850
6.856888,-2603.557861
6.852818,-2639.399170
6.848749,-2598.117432
6.844680,-2555.084473
6.840610,-2553.294189
6.836541,-2597.300781
6.832471,-2592.222656
6.828402,-2562.107910
6.824333,-2540.823975
6.820263,-2605.315918
6.816194,-2626.767822
6.812125,-2603.137939
6.808055,-2620.236572
6.803986,-2636.991699
6.799916,-2578.585449
6.795847,-2590.764893
6.791778,-2590.200195
6.787708,-2579.476318
6.783639,-2606.850342
6.779570,-2581.696045
6.775500,-2618.634766
6.771431,-2573.373535
6.767362,-2603.005127
6.763292,-2571.961914
6.759223,-2597.811768
6.755153,-2602.721436
6.751084,-2571.444824
6.747015,-2590.359863
6.742945,-2567.767578
6.738876,-2559.588379
6.734807,-2602.267334
6.730737,-2574.451172
6.726668,-2622.321533
6.722599,-2534.450684
6.718529,-2564.219971
6.714459,-2609.822998
6.710390,-2563.017578
6.706321,-2587.266602
6.702251,-2546.906494
6.698182,-2583.543945
6.694113,-2567.121094
6.690043,-2522.370605
6.685974,-2569.823486
6.681905,-2593.219238
6.677835,-2544.470947
6.673766,-2558.110596
6.669696,-2505.545166
6.665627,-2545.272461
6.661558,-2564.754883
6.657488,-2545.471924
6.653419,-2528.915527
6.649350,-2514.370850
6.645280,-2532.106689
6.641211,-2503.224609
6.637142,-2572.921875
6.633072,-2559.522217
6.629003,-2557.363281
6.624933,-2524.835938
6.620864,-2511.189697
6.616795,-2519.610840
6.612725,-2507.395752
6.608656,-2587.348633
6.604587,-2518.997559
6.600517,-2545.230225
6.596448,-2571.090088
6.592379,-2507.655762
6.588309,-2526.818604
6.584239,-2492.884521
6.580170,-2532.247803
6.576101,-2505.819092
6.572031,-2501.397217
6.567962,-2530.347656
6.563893,-2502.419678
6.559824,-2545.942139
6.555754,-2481.075684
6.551685,-2480.192871
6.547616,-2539.989746
6.543546,-2508.429688
6.539476,-2512.148438
6.535407,-2528.616699
6.531338,-2507.738037
6.527268,-2512.259033
6.523199,-2486.246826
6.519130,-2510.158936
6.515060,-2526.864258
6.510991,-2506.566162
6.506922,-2494.916504
6.502852,-2538.332031
6.498783,-2520.340576
6.494713,-2486.646240
6.490644,-2529.096191
6.486575,-2499.612061
6.482505,-2508.521484
6.478436,-2509.827637
6.474367,-2527.661133
6.470297,-2552.614014
6.466228,-2525.131592
6.462159,-2475.386963
6.458089,-2496.850830
6.454020,-2462.110840
6.449950,-2479.979980
6.445881,-2499.850098
6.441812,-2455.941895
6.437742,-2507.110840
6.433673,-2511.618408
6.429604,-2494.447021
6.425534,-2499.338135
6.421465,-2530.888428
6.417396,-2468.338867
6.413326,-2472.085449
6.409256,-2475.032471
6.405187,-2505.646240
6.401118,-2518.974121
6.397048,-2468.616699
6.392979,-2433.363037
6.388910,-2463.755615
6.384840,-2489.640625
6.380771,-2513.793213
6.376702,-2447.728027
6.372632,-2408.641357
6.368563,-2462.646240
6.364493,-2449.861328
6.360424,-2440.994629
6.356355,-2435.584229
6.352285,-2453.239502
6.348216,-2490.769043
6.344147,-2468.191162
6.340077,-2321.753662
6.336008,-2302.862549
6.331938,-2285.820557
6.327869,-2378.000488
6.323800,-2335.545654
6.319730,-2431.337402
6.315661,-2385.462158
6.311592,-2413.272217
6.307522,-2440.395020
6.303453,-2427.875732
6.299384,-2384.740234
6.295314,-2402.978760
6.291245,-2418.850830
6.287175,-2457.313965
6.283106,-2386.144043
6.279037,-2409.439697
6.274967,-2394.531250
6.270898,-2431.050781
6.266829,-2398.943848
6.262759,-2361.905518
6.258690,-2419.080078
6.254621,-2353.168945
6.250551,-2348.577637
6.246481,-2359.266602
6.242412,-2417.528809
6.238343,-2379.802002
6.234273,-2388.195801
6.230204,-2429.036621
6.226135,-2446.618164
6.222065,-2456.795898
6.217996,-2398.159912
6.213927,-2328.124756
6.209857,-2377.735596
6.205788,-2363.553223
6.201718,-2404.740234
6.197649,-2340.790039
6.193580,-2359.049561
6.189510,-2337.239014
6.185441,-2420.596680
6.181372,-2410.228027
6.177302,-2401.049805
6.173233,-2383.257080
6.169164,-2356.507813
6.165094,-2383.598633
6.161025,-2320.847900
6.156955,-2306.024902
6.152886,-2299.407959
6.148817,-2305.468750
6.144747,-2350.903564
6.140678,-2330.816162
6.136609,-2330.047363
6.132539,-2358.080566
6.128470,-2344.710205
6.124401,-2346.717773
6.120331,-2337.507324
6.116261,-2323.983398
6.112192,-2347.024414
6.108123,-2335.824219
6.104053,-2350.955811
6.099984,-2308.558105
6.095915,-2281.283691
6.091846,-2339.571533
6.087776,-2297.249756
6.083707,-2316.631104
6.079638,-2298.680176
6.075568,-2292.325439
6.071499,-2279.631348
6.067430,-2301.628906
6.063360,-2280.041748
6.059291,-2246.263184
6.055221,-2272.432617
6.051151,-2251.689209
6.047082,-2261.142822
6.043013,-2253.751953
6.038943,-2271.520996
6.034874,-2273.840820
6.030805,-2241.082031
6.026735,-2251.938477
6.022666,-2278.778320
6.018597,-2272.887939
6.014527,-2217.269043
6.010458,-2253.480713
6.006389,-2230.240234
6.002319,-2243.012695
5.998250,-2145.000732
5.994181,-2110.440918
5.990111,-2083.290771
5.986042,-2020.730835
5.981973,-2070.655762
5.977903,-2078.407959
5.973834,-2079.429443
5.969764,-2119.468506
5.965694,-2108.117432
5.961625,-2171.166992
5.957556,-2229.350830
5.953486,-2243.763428
5.949417,-2194.177979
5.945348,-2226.845703
5.941278,-2230.938232
5.937209,-2180.982910
5.933140,-2237.489502
5.929070,-2218.242676
5.925001,-2174.229980
5.920932,-2218.208496
5.916862,-2184.495361
5.912793,-2150.512451
5.908724,-2189.083496
5.904655,-2129.707520
5.900585,-2113.801514
5.896516,-2077.189941
5.892447,-2124.722656
5.888377,-2145.258789
5.884307,-2157.248779
5.880238,-2135.486816
5.876168,-2140.401611
5.872099,-2169.332031
5.868030,-2102.030273
5.863960,-2141.982910
5.859891,-2118.371826
5.855822,-2117.676025
5.851752,-2197.711670
5.847683,-2175.412598
5.843614,-2089.731445
5.839544,-2115.341553
5.835475,-2129.244141
5.831406,-2118.124756
5.827336,-2141.129639
5.823267,-2179.354980
5.819198,-2118.272461
5.815128,-2144.686523
5.811059,-2130.632324
5.806990,-2112.131592
5.802920,-2078.263916
5.798850,-2065.628662
5.794781,-2019.330566
5.790711,-2034.915771
5.786642,-2044.680420
5.782573,-2072.319092
5.778503,-2047.972290
5.774434,-2046.287964
5.770365,-2072.214844
5.766295,-1965.873413
5.762226,-1929.537598
5.758157,1077.034546
5.754087,-2171.289063
5.750018,-2018.025513
5.745949,-2094.900391
5.741879,-2047.449341
5.737810,-2102.396240
5.733741,-1983.039917
5.729671,-1989.077271
5.725602,-1988.779785
5.721533,-2048.591797
5.717463,-2008.091675
5.713393,-2067.885010
5.709324,-2032.714355
5.705255,-2038.438477
5.701185,-2032.864136
5.697116,-2067.144775
5.693047,-1995.674194
5.688977,-2011.928955
5.684908,-1960.803345
5.680839,-1986.951538
5.676769,-1988.028442
5.672700,-2024.114380
5.668631,-1985.563843
5.664561,-1984.142822
5.660492,-1953.401367
5.656423,-1971.061035
5.652353,-1939.561890
5.648284,-1969.204712
5.644215,-1943.247925
5.640145,-1946.900024
5.636076,-1942.509766
5.632007,-1936.173584
5.627936,-1914.348267
5.623867,-1931.117920
5.619798,-1888.859253
5.615728,-1924.118652
5.611659,-1961.756836
5.607590,-1919.597778
5.603520,-1885.578613
5.599451,-1934.539185
5.595382,-1874.154663
5.591312,-1926.266357
5.587243,-1893.184204
5.583174,-1887.192383
5.579104,-1891.971924
5.575035,-1866.836426
5.570966,-1840.498291
5.566896,-1868.757080
5.562827,-1863.826172
5.558758,-1806.687744
5.554688,-1770.509644
5.550619,-1848.931885
5.546550,-1843.812866
5.542480,-1825.118286
5.538410,-1801.876953
5.534341,-1837.821899
5.530272,-1811.666870
5.526202,-1762.760620
5.522133,-1741.278198
5.518064,-1781.495728
5.513994,-1793.343140
5.509925,-1828.641968
5.505856,-1718.084351
5.501786,-1743.441650
5.497717,-1716.987671
5.493648,-1668.162598
5.489578,-1755.874756
5.485509,-1736.403076
5.481440,-1744.081055
5.477370,-1679.703003
5.473301,-1658.655151
5.469232,-1732.523438
5.465162,-1719.950928
5.461093,-1721.230957
5.457023,-1773.872559
5.452953,-1719.344238
5.448884,-1735.571411
5.444815,-1740.068359
5.440745,-1701.439819
5.436676,-1617.693970
5.432607,-1718.039307
5.428537,-1652.018799
5.424468,-1679.879517
5.420399,-1683.674438
5.416329,-1602.527344
5.412260,-1559.983643
5.408191,-1625.257690
5.404121,-1608.706177
5.400052,-1602.606201
5.395983,-1601.655884
5.391913,-1576.375977
5.387844,-1584.763550
5.383775,-1593.203491
5.379705,-1599.574097
5.375636,-1536.061646
5.371566,-1539.925049
5.367496,-1516.574707
5.363427,-1485.622803
5.359358,-1520.087891
5.355289,-1464.030029
5.351219,-1483.562012
5.347150,-1462.737061
5.343081,-1444.203247
5.339011,-1409.696411
5.334942,-1406.280151
5.330873,-1410.223389
5.326803,-1458.262939
5.322734,-1394.838257
5.318665,-1424.156860
5.314595,-1375.690308
5.310526,-1350.598633
5.306457,-1380.976563
5.302387,-1328.398071
5.298318,-1349.790771
5.294249,-1365.748901
5.290178,-1327.261230
5.286109,-1248.948120
5.282040,-1279.546997
5.277970,-1229.251099
5.273901,-1191.433594
5.269832,-1176.966309
5.265762,-1073.326782
5.261693,-1064.911743
5.257624,-1078.667358
5.253554,-1184.648560
5.249485,-1318.479248
5.245416,-1441.444702
5.241346,-1354.678223
5.237277,-1230.923584
5.233208,-1091.401978
5.229138,-1009.647888
5.225069,-997.499695
5.221000,-1050.707642
5.216930,-1002.655273
5.212861,-1074.640381
5.208792,-988.967346
5.204721,-1068.156006
5.200652,-1065.686890
5.196583,-1028.858032
5.192513,-1000.950928
5.188444,-1025.924561
5.184375,-1010.690918
5.180305,-1039.447754
5.176236,-1007.970154
5.172167,-1037.997192
5.168097,-1028.906494
5.164028,-1002.673462
5.159959,-952.133362
5.155890,-908.157043
5.151820,-917.695618
5.147751,-919.508606
5.143682,-832.866577
5.139612,-932.042725
5.135543,-848.975342
5.131474,-863.879395
5.127404,-895.162109
5.123335,-843.808105
5.119265,-816.793579
5.115195,-799.120422
5.111126,-791.255615
5.107057,-856.841980
5.102987,-779.987854
5.098918,-756.736694
5.094849,-766.240967
5.090779,-783.120178
5.086710,-714.670837
5.082641,-713.472656
5.078571,-722.857727
5.074502,-733.721558
5.070433,-702.377563
5.066363,-715.904114
5.062294,-570.840759
5.058225,-606.883606
5.054155,-555.521545
5.050086,-607.685730
5.046017,-524.105042
5.041947,-550.890930
5.037878,-515.744385
5.033808,-546.722473
5.029738,-569.209839
5.025669,-596.063293
5.021600,-540.275085
5.017530,-542.465881
5.013461,-534.248169
5.009392,-513.077332
5.005322,-504.554077
5.001253,-453.174622
4.997184,-438.061035
4.993114,-452.043610
4.989045,-435.221191
4.984976,-415.603851
4.980906,-371.065613
4.976837,-401.255981
4.972768,-431.523560
4.968699,-379.350433
4.964629,-346.196228
4.960560,-308.781342
4.956491,-302.086487
4.952421,-300.681305
4.948351,-350.565521
4.944282,-269.976257
4.940212,-230.161514
4.936143,-194.939240
4.932074,-240.451599
4.928004,-135.427444
4.923935,-164.983444
4.919866,-206.773529
4.915796,-102.431129
4.911727,-126.554024
4.907658,-76.210785
4.903588,-49.083023
4.899519,-59.163246
4.895450,-12.139110
4.891380,-32.409740
4.887311,-33.759789
4.883242,24.289557
4.879172,90.218208
4.875103,94.129562
4.871034,190.822357
4.866964,143.420105
4.862894,149.950638
4.858825,142.919312
4.854755,172.609299
4.850686,242.999496
4.846617,290.462402
4.842547,264.508820
4.838478,274.602692
4.834409,353.756958
4.830339,378.631378
4.826270,440.445282
4.822201,496.436127
4.818131,461.345825
4.814062,499.558716
4.809993,440.928009
4.805923,457.256042
4.801854,486.596924
4.797785,472.680237
4.793715,505.725433
4.789646,544.654053
4.785577,534.124756
4.781507,601.435059
4.777437,615.084106
4.773368,639.493042
4.769299,598.191528
4.765229,661.977905
4.761160,701.080688
4.757091,760.742798
4.753021,783.054260
4.748952,763.915283
4.744883,838.447937
4.740813,851.596313
4.736744,921.691467
4.732675,920.803772
4.728605,958.804504
4.724536,960.246216
4.720467,989.214539
4.716397,991.394409
4.712328,1046.802246
4.708259,1065.649292
4.704189,1077.457886
4.700120,1092.303711
4.696051,1127.864380
4.691980,1177.810303
4.687911,1210.942505
4.683842,1284.409668
4.679772,1315.679321
4.675703,1367.106323
4.671634,1431.886108
4.667564,1528.540161
4.663495,1563.044067
4.659426,1716.360474
4.655356,1864.917480
4.651287,2050.206543
4.647218,2222.006592
4.643148,2404.310059
4.639079,2544.388672
4.635010,2827.964600
4.630940,3427.582764
4.626871,4649.732422
4.622802,8409.647461
4.618732,16545.679688
4.614663,26514.193359
4.610594,31719.011719
4.606524,29976.800781
4.602454,25698.707031
4.598385,21771.322266
4.594316,17811.171875
4.590246,13551.348633
4.586177,9795.995117
4.582108,7136.074219
4.578038,5289.445801
4.573969,4045.572266
4.569900,3397.818359
4.565830,3169.324463
4.561761,2967.755859
4.557692,2901.605225
4.553622,2814.641113
4.549553,2715.831543
4.545484,2681.141602
4.541414,2656.715088
4.537345,2571.559814
4.533276,2638.241699
4.529206,2607.342773
4.525137,2628.877686
4.521067,2617.201416
4.516997,2651.969238
4.512928,2650.688965
4.508859,2621.211670
4.504789,2606.758057
4.500720,2632.572266
4.496651,2617.721191
4.492581,2609.612061
4.488512,2566.003418
4.484443,2600.200928
4.480373,2537.074951
4.476304,2591.168457
4.472235,2560.496338
4.468165,2500.844238
4.464096,2578.444824
4.460027,2623.171631
4.455957,2547.596924
4.451888,2558.835205
4.447819,2595.529541
4.443749,2581.628662
4.439679,2592.309082
4.435610,2567.515625
4.431540,2557.835938
4.427471,2625.978027
4.423402,2573.200439
4.419333,2580.199463
4.415263,2593.641846
4.411194,2596.780762
4.407125,2586.775391
4.403055,2591.831299
4.398986,2552.615723
4.394917,2524.567871
4.390847,2564.273193
4.386778,2530.494873
4.382709,2551.089111
4.378639,2539.780273
4.374570,2523.376221
4.370501,2567.017822
4.366431,2564.355713
4.362362,2548.383057
4.358293,2589.548828
4.354222,2560.394775
4.350153,2614.734863
4.346084,2589.983887
4.342014,2558.164795
4.337945,2542.433594
4.333876,2542.195557
4.329806,2527.762695
4.325737,2527.167969
4.321668,2573.021729
4.317598,2519.126953
4.313529,2630.548828
4.309460,2605.504639
4.305390,2607.185303
4.301321,2563.075195
4.297252,2624.304199
4.293182,2626.697266
4.289113,2614.888672
4.285044,2582.713867
4.280974,2561.797607
4.276905,2486.577148
4.272836,2564.031006
4.268765,2531.729980
4.264696,2651.040771
4.260627,2515.665283
4.256557,2622.478027
4.252488,2678.574951
4.248419,2469.756348
4.244349,2478.681152
4.240280,2455.496582
4.236211,2489.726318
4.232141,2500.858154
4.228072,2533.727295
4.224003,2478.933594
4.219934,2421.843262
4.215864,2440.913818
4.211795,2412.515869
4.207726,2402.613281
4.203656,2412.255127
4.199587,2428.893311
4.195518,2368.363037
4.191448,2325.521240
4.187379,2288.109619
4.183309,2172.701416
4.179239,2188.604736
4.175170,2153.338135
4.171101,2179.425781
4.167031,2135.370850
4.162962,2115.923828
4.158893,2118.210938
4.154823,2070.971191
4.150754,1983.273315
4.146685,1995.750732
4.142615,2018.753662
4.138546,2033.464844
4.134477,1995.805420
4.130407,1946.911377
4.126338,1906.470825
4.122269,1920.753418
4.118199,1892.926514
4.114130,1808.626465
4.110061,1834.803345
4.105991,1808.111084
4.101922,1805.656128
4.097852,1752.068970
4.093782,1742.321777
4.089713,1717.466187
4.085644,1659.504272
4.081574,1615.767212
4.077505,1569.398315
4.073436,1530.176758
4.069366,1535.693726
4.065297,1457.337891
4.061228,1435.122192
4.057158,1406.652588
4.053089,1320.944458
4.049020,1338.721680
4.044950,1207.574585
4.040881,1044.092896
4.036812,880.928528
4.032743,1027.646118
4.028673,1063.598877
4.024604,1199.357178
4.020535,1227.627319
4.016465,1240.529541
4.012395,1174.397705
4.008326,1174.963501
4.004256,1201.667358
4.000187,1105.761108
3.996118,1133.975830
3.992048,1083.445435
3.987979,1071.358643
3.983910,1082.578369
3.979840,1015.039917
3.975771,1024.276245
3.971702,1001.253357
3.967632,988.202698
3.963563,980.237610
3.959494,935.817322
3.955424,767.685669
3.951355,744.695068
3.947286,736.876892
3.943216,799.485535
3.939147,806.605286
3.935078,781.717712
3.931008,690.600952
3.926938,626.577454
3.922869,606.730103
3.918799,581.346985
3.914730,532.776794
3.910661,514.192627
3.906591,479.297913
3.902522,465.975037
3.898453,441.419128
3.894383,415.373505
3.890314,327.205414
3.886245,410.384674
3.882175,331.216003
3.878106,328.418671
3.874037,326.341705
3.869967,249.761505
3.865898,209.650681
3.861829,209.239182
3.857759,150.081573
3.853690,153.712982
3.849621,77.315903
3.845551,87.887802
3.841481,104.050591
3.837412,61.890259
3.833343,4.233396
3.829273,88.953926
3.825204,100.572357
3.821135,95.035065
3.817065,71.711334
3.812996,81.212944
3.808927,66.793823
3.804857,26.289248
3.800788,14.329746
3.796719,-79.211731
3.792649,-92.622299
3.788580,-81.092346
3.784511,-152.182678
3.780441,-113.734619
3.776372,-50.914253
3.772303,-142.432129
3.768233,-76.526360
3.764164,-39.046692
3.760095,293.026001
3.756024,-371.595337
3.751955,-320.488739
3.747886,-287.623688
3.743816,-313.981903
3.739747,-389.135162
3.735678,-368.652557
3.731608,-404.460541
3.727539,-425.355835
3.723470,-374.795776
3.719400,-425.506409
3.715331,-422.285278
3.711262,-478.725067
3.707192,-557.505127
3.703123,-525.897522
3.699054,-544.130249
3.694984,-596.070923
3.690915,-580.509033
3.686846,-657.378967
3.682776,-662.822021
3.678707,-612.246521
3.674638,-633.870728
3.670568,-702.335205
3.666498,-741.751038
3.662429,-816.530762
3.658360,-734.106140
3.654290,-570.717407
3.650221,-332.705414
3.646152,-418.031525
3.642082,-400.405243
3.638013,-66.436920
3.633944,677.876221
3.629874,2576.639404
3.625805,613.409180
3.621736,1773.925903
3.617666,1062.428833
3.613597,266.389374
3.609528,370.977203
3.605458,104.764107
3.601389,-450.722656
3.597320,-500.929504
3.593250,-530.085693
3.589180,-548.914246
3.585111,-576.433899
3.581041,-569.998657
3.576972,-564.477783
3.572903,-602.134399
3.568833,-557.467346
3.564764,-618.544434
3.560695,-617.439636
3.556625,-557.742554
3.552556,-505.766022
3.548487,-507.339752
3.544417,-478.210815
3.540348,-520.864014
3.536279,-428.167603
3.532209,-366.528717
3.528140,-254.679672
3.524071,-16.058945
3.520001,580.122009
3.515932,2740.565674
3.511863,7387.770508
3.507793,7123.900879
3.503723,4850.616699
3.499654,3144.900146
3.495584,1722.735107
3.491515,795.072510
3.487446,206.092270
3.483377,-143.130615
3.479307,-336.348694
3.475238,-433.256287
3.471169,-455.449341
3.467099,-463.778137
3.463030,-508.803802
3.458961,-539.325378
3.454891,-581.181152
3.450822,-610.086609
3.446753,-629.200745
3.442683,-654.931885
3.438614,-678.412354
3.434545,-631.311462
3.430475,-752.399658
3.426406,-778.550049
3.422337,-824.840027
3.418266,-918.638000
3.414197,-1039.205322
3.410128,-1146.918701
3.406058,-1146.750000
3.401989,-746.949524
3.397920,-1049.025391
3.393850,-1011.668518
3.389781,-948.214905
3.385712,-946.979370
3.381642,-863.702454
3.377573,-860.520813
3.373504,-800.644470
3.369434,-787.971252
3.365365,-741.498047
3.361296,-669.529663
3.357226,-640.982849
3.353157,-593.599915
3.349088,-503.489258
3.345018,-519.151611
3.340949,-1275.979736
3.336880,-1879.396484
3.332809,-1916.108643
3.328740,-1837.114746
3.324671,-1705.040527
3.320601,-1510.973022
3.316532,-1366.183105
3.312463,-1208.605347
3.308393,-1280.585205
3.304324,-1226.838379
3.300255,-1230.815430
3.296185,-1246.848145
3.292116,-1256.370605
3.288047,-1208.595459
3.283978,-1174.057861
3.279908,-1252.483398
3.275839,-1220.347778
3.271770,-1166.265503
3.267700,-1166.136841
3.263631,-1093.816895
3.259562,-1111.927979
3.255492,-1097.594849
3.251423,-1040.264404
3.247353,-1001.599304
3.243283,-975.595459
3.239214,-901.217102
3.235145,-811.846313
3.231075,-738.223022
3.227006,-746.187134
3.222937,-758.566711
3.218867,-754.998779
3.214798,-749.416138
3.210729,-781.348694
3.206659,-742.747009
3.202590,-693.945862
3.198521,-628.330139
3.194451,-715.382751
3.190382,-2100.130371
3.186313,-3204.400391
3.182243,-3057.832764
3.178174,-2620.226318
3.174105,-2227.176514
3.170035,-1882.266602
3.165966,-1616.290405
3.161896,-1498.790527
3.157826,-1313.258179
3.153757,-1231.200439
3.149688,-1131.563843
3.145618,-1136.311035
3.141549,-1107.971191
3.137480,-1069.298462
3.133410,-1089.754272
3.129341,-1053.616821
3.125272,-1031.375000
3.121202,-1019.154114
3.117133,-1014.319153
3.113064,-987.693909
3.108994,-1010.020386
3.104925,-1023.181030
3.100856,-1022.442627
3.096786,-998.723572
3.092717,-878.914856
3.088648,-883.054138
3.084579,-844.978088
3.080509,-846.066833
3.076439,-749.297974
3.072370,-643.795044
3.068300,-387.484314
3.064231,-297.782562
3.060162,-319.383698
3.056092,-329.232574
3.052023,-314.780212
3.047954,-287.040070
3.043884,-294.895691
3.039815,-302.629822
3.035746,-277.079193
3.031676,-153.450653
3.027607,23.013302
3.023538,206.633911
3.019468,541.180908
3.015399,887.306824
3.011330,1282.140747
3.007260,1712.171509
3.003191,2258.208008
2.999122,3080.041992
2.995052,5189.382813
2.990982,11072.457031
2.986913,6110.671387
2.982843,-6081.503418
2.978774,-11728.158203
2.974705,-4345.345215
2.970635,5400.149902
2.966566,5714.827148
2.962497,4470.272461
2.958427,3362.212646
2.954358,2240.892822
2.950289,1735.915771
2.946219,1368.975708
2.942150,1076.152954
2.938081,952.585571
2.934011,852.721680
2.929942,828.794434
2.925873,825.923096
2.921803,680.510864
2.917734,636.262817
2.913665,615.103882
2.909595,509.058655
2.905525,443.848297
2.901456,575.632263
2.897387,612.464844
2.893317,675.550049
2.889248,796.671204
2.885179,907.647400
2.881109,1086.689331
2.877040,1298.098755
2.872971,1462.493286
2.868901,1499.106812
2.864832,1551.293823
2.860763,1548.128052
2.856693,1119.330444
2.852624,907.587769
2.848555,956.438477
2.844485,1257.065186
2.840416,1533.921631
2.836347,2020.909424
2.832277,1857.085449
2.828208,1048.214844
2.824138,998.171997
2.820068,1190.616577
2.815999,1127.721191
2.811930,1116.642944
2.807860,1115.488037
2.803791,1121.413208
2.799722,1126.602173
2.795652,1215.071411
2.791583,1348.269775
2.787514,1506.655151
2.783444,1693.160400
2.779375,1884.673950
2.775306,2427.682617
2.771236,3378.701172
2.767167,4472.391113
2.763098,1501.742920
2.759028,-1164.562256
2.754959,-2117.072510
2.750890,-2472.319092
2.746820,-2411.991455
2.742751,-2009.982666
2.738681,-1609.008057
2.734612,-1189.357910
2.730542,-604.241516
2.726473,41.349014
2.722404,680.104004
2.718334,1553.850830
2.714265,2758.714844
2.710196,4221.203125
2.706126,6003.677246
2.702057,7606.702637
2.697988,8909.624023
2.693918,9690.127930
2.689849,9789.073242
2.685780,9281.665039
2.681710,8250.546875
2.677641,6809.130859
2.673572,5437.763672
2.669502,4193.850098
2.665433,3336.548096
2.661364,2490.275879
2.657294,1881.624878
2.653224,1583.222412
2.649155,1708.022705
2.645085,1634.650513
2.641016,1975.934204
2.636947,2161.312500
2.632877,2202.293701
2.628808,2162.305664
2.624739,2008.863281
2.620669,1767.869751
2.616600,1480.278076
2.612531,1147.962891
2.608461,964.253296
2.604392,808.562927
2.600323,777.073303
2.596253,650.456787
2.592184,703.266846
2.588115,733.223267
2.584045,802.202393
2.579976,930.043213
2.575907,1147.433350
2.571837,1238.009033
2.567767,1513.942505
2.563698,1500.487915
2.559628,1993.325317
2.555559,8245.030273
2.551490,9324.710938
2.547421,4637.961426
2.543351,2877.448242
2.539282,1783.735962
2.535213,934.446594
2.531143,681.883057
2.527074,793.493530
2.523005,762.704468
2.518935,952.113037
2.514866,1305.655396
2.510797,1611.677124
2.506727,1765.650879
2.502658,1879.469238
2.498589,1884.286743
2.494519,1940.972412
2.490450,2022.010498
2.486381,2364.500488
2.482310,2739.124268
2.478241,3107.469482
2.474172,3461.354736
2.470102,3982.061768
2.466033,6015.861816
2.461964,6671.664063
2.457894,6285.656250
2.453825,6141.789063
2.449756,5178.717773
2.445686,4501.476563
2.441617,4871.771484
2.437548,6220.389648
2.433478,5431.575195
2.429409,4584.612305
2.425340,4911.822754
2.421270,5435.382324
2.417201,6368.992676
2.413132,7527.952637
2.409062,8777.254883
2.404993,10535.101563
2.400924,11929.682617
2.396853,14166.196289
2.392784,16693.076172
2.388715,19233.515625
2.384645,22522.501953
2.380576,26327.449219
2.376507,32023.328125
2.372437,39371.562500
2.368368,48768.386719
2.364299,62088.546875
2.360229,82747.453125
2.356160,115726.851563
2.352091,177311.187500
2.348022,362919.375000
2.343952,1160345.250000
2.339883,1692190.875000
2.335814,1234382.500000
2.331744,859396.125000
2.327675,569739.937500
2.323606,337163.437500
2.319536,207387.250000
2.315467,131964.000000
2.311397,81259.218750
2.307327,64281.570313
2.303258,56145.328125
2.299189,49802.882813
2.295119,45542.234375
2.291050,41390.902344
2.286981,37930.007813
2.282911,35760.640625
2.278842,34011.679688
2.274773,32273.068359
2.270703,30989.873047
2.266634,29842.384766
2.262565,29247.214844
2.258495,28810.105469
2.254426,28655.619141
2.250357,27418.095703
2.246287,25417.226563
2.242218,24566.134766
2.238149,24482.798828
2.234079,23924.882813
2.230010,22649.064453
2.225940,21853.244141
2.221870,22109.455078
2.217801,19457.957031
2.213732,18236.781250
2.209662,17038.550781
2.205593,15634.336914
2.201524,14356.813477
2.197454,12934.152344
2.193385,11724.303711
2.189316,10567.321289
2.185246,9271.964844
2.181177,8127.831543
2.177108,6885.973145
2.173038,5733.393066
2.168969,4815.401367
2.164900,4182.094727
2.160830,3576.760986
2.156761,2913.864258
2.152692,2363.843262
2.148623,1778.455688
2.144553,1349.238525
2.140483,897.162048
2.136414,1089.818359
2.132344,-1086.476563
2.128275,-4416.890625
2.124206,-3433.058105
2.120136,-2970.305176
2.116067,-2775.277344
2.111998,-2645.254639
2.107928,-2655.990723
2.103859,-2508.972412
2.099790,-2445.227051
2.095720,-2424.663574
2.091651,-2410.197998
2.087582,-1927.502075
2.083512,-1261.879028
2.079443,-1026.569092
2.075374,-1318.672852
2.071304,-1653.792114
2.067235,-2006.930420
2.063166,-2417.617676
2.059096,-2640.642578
2.055026,-2773.736328
2.050957,-2958.289307
2.046887,-3075.101318
2.042818,-3128.338623
2.038749,-3040.033691
2.034679,-2953.765869
2.030610,-2884.886230
2.026541,-2684.890625
2.022471,-2838.885010
2.018402,-3021.355713
2.014333,-2933.526123
2.010263,-2774.392334
2.006194,-2685.200928
2.002125,-2704.613281
1.998055,-2810.644775
1.993986,-2837.511963
1.989917,-2840.029297
1.985847,-2815.918701
1.981778,-2740.861572
1.977709,-2751.084473
1.973639,-2721.970459
1.969569,-2683.227051
1.965500,-2613.381104
1.961431,-2596.002197
1.957361,-2520.280762
1.953292,-2383.751221
1.949223,-2304.752686
1.945153,-2185.692627
1.941084,-2009.764038
1.937015,-1766.276245
1.932945,-1503.026001
1.928876,-958.919373
1.924807,-26.642006
1.920737,-668.466248
1.916668,-4512.533691
1.912599,-6068.823730
1.908529,-6187.505371
1.904460,-6062.387695
1.900391,-5633.176758
1.896321,-5091.352051
1.892252,-4645.891113
1.888182,-4263.921387
1.884112,-3960.273438
1.880043,-3729.560791
1.875974,-3539.652832
1.871904,-3428.844727
1.867835,-3513.337158
1.863766,-3783.082031
1.859696,-3572.238037
1.855627,-2979.679688
1.851558,-2930.476563
1.847488,-3161.409668
1.843419,-3157.871338
1.839350,-3255.225830
1.835280,-3578.719727
1.831211,-3675.038574
1.827142,-3511.084229
1.823072,-3278.482910
1.819003,-2896.578369
1.814934,-2711.861816
1.810864,-2866.205566
1.806795,-3133.415283
1.802725,-3226.322266
1.798656,-3269.138428
1.794586,-3208.002197
1.790517,-3044.990723
1.786448,-3011.867188
1.782378,-2888.340088
1.778309,-2291.466797
1.774240,-2322.075928
1.770170,-2338.290039
1.766101,-2316.747070
1.762032,-2377.462891
1.757962,-2202.967285
1.753893,-2168.038086
1.749824,-2080.193359
1.745754,-1934.752808
1.741685,-1846.779541
1.737616,-1669.988525
1.733546,-1665.451538
1.729477,-1562.018921
1.725408,-1423.578125
1.721338,-1120.433472
1.717268,-737.366943
1.713199,-279.981476
1.709129,244.552292
1.705060,1250.842041
1.700991,3178.581787
1.696921,2929.655029
1.692852,2431.121826
1.688783,-3395.426514
1.684713,-3373.838135
1.680644,2013.237061
1.676575,4089.059326
1.672505,3315.046631
1.668436,3493.486084
1.664367,2466.516113
1.660297,-551.123047
1.656228,-3415.500732
1.652159,-4069.525391
1.648089,-1831.921387
1.644020,939.670166
1.639951,985.283142
1.635881,600.387817
1.631811,269.522644
1.627742,-112.929230
1.623672,-311.128052
1.619603,-504.146057
1.615534,-731.826294
1.611465,-829.732056
1.607395,-926.654053
1.603326,-936.049438
1.599257,-968.278381
1.595187,-840.324585
1.591118,-848.549683
1.587049,-820.897400
1.582979,-779.416931
1.578910,-764.393677
1.574841,-617.525391
1.570771,-566.149231
1.566702,-523.990967
1.562633,-372.778748
1.558563,-375.278503
1.554494,-331.424164
1.550425,-305.754486
1.546354,-266.364655
1.542285,-262.407135
1.538216,-263.234161
1.534146,-376.059082
1.530077,-500.134583
1.526008,-436.224854
1.521938,-387.584839
1.517869,-349.089539
1.513800,-246.158051
1.509730,-288.930237
1.505661,-298.056702
1.501592,141.568024
1.497522,980.295837
1.493453,1131.614868
1.489384,19.725840
1.485314,-838.340576
1.481245,-1389.781982
1.477176,-1656.413452
1.473106,-1924.321045
1.469037,-2008.375244
1.464968,-2071.887451
1.460897,-2020.507813
1.456828,-1997.157593
1.452759,-1910.590576
1.448689,-1795.886597
1.444620,-1700.012451
1.440551,-2266.617676
1.436481,-2752.862061
1.432412,-3015.530273
1.428343,-3140.634033
1.424273,-3223.767578
1.420204,-3194.083496
1.416135,-3091.400635
1.412066,-2801.124268
1.407996,-2553.777832
1.403927,-2290.617920
1.399858,-2304.808105
1.395788,-2473.683350
1.391719,-2512.659912
1.387650,-2622.930908
1.383580,-2675.414795
1.379511,-2616.335693
1.375441,-2610.086182
1.371371,-2573.939941
1.367302,-2475.841553
1.363233,-2424.932617
1.359163,-2337.884277
1.355094,-2230.948730
1.351025,-2067.868164
1.346955,-1568.197876
1.342886,-1203.849731
1.338817,-2087.856445
1.334747,-2589.580811
1.330678,-2746.994385
1.326609,-2746.454346
1.322539,-2690.945557
1.318470,-2451.967773
1.314401,-2260.408936
1.310331,-2218.754395
1.306262,-2188.594727
1.302193,-2160.155029
1.298123,-2154.007324
1.294054,-2093.616211
1.289984,-1900.846924
1.285914,-1885.423584
1.281845,-1960.511108
1.277776,-1904.671875
1.273706,-1669.082397
1.269637,-1579.341797
1.265568,-1521.572754
1.261498,-1233.312988
1.257429,-1063.571289
1.253360,-805.372437
1.249290,-470.972107
1.245221,-18.155691
1.241152,396.664520
1.237082,958.353088
1.233013,2482.384277
1.228944,3131.146240
1.224874,2850.195068
1.220805,3395.174072
1.216736,4437.288574
1.212667,6265.577637
1.208597,10360.639648
1.204527,22211.949219
1.200458,49442.054688
1.196388,89981.796875
1.192319,118391.960938
1.188250,113939.789063
1.184180,91286.093750
1.180111,67876.929688
1.176042,47853.125000
1.171972,32566.875000
1.167903,25839.742188
1.163834,18568.031250
1.159764,11019.003906
1.155695,6795.937988
1.151626,4512.535645
1.147556,3487.208496
1.143487,3395.855957
1.139418,3166.710938
1.135348,2806.378174
1.131279,2534.099365
1.127210,2089.414063
1.123139,1730.092896
1.119070,1622.683594
1.115001,1575.093994
1.110931,1308.121582
1.106862,1135.903687
1.102793,1149.582275
1.098723,1162.789063
1.094654,1377.766357
1.090585,1690.314697
1.086515,2097.778076
1.082446,2444.349609
1.078377,3110.491699
1.074307,4038.348389
1.070238,5227.893066
1.066169,6096.991211
1.062099,6689.738770
1.058030,7777.507813
1.053961,9479.959961
1.049891,13294.120117
1.045822,16976.078125
1.041753,20151.232422
1.037683,22378.046875
1.033613,28297.945313
1.029544,43235.097656
1.025475,109830.257813
1.021405,286401.375000
1.017336,387613.281250
1.013267,312057.500000
1.009197,244889.796875
1.005128,190260.609375
1.001059,133237.328125
0.996989,81224.039063
0.992920,49562.085938
0.988851,29564.740234
0.984781,13469.402344
0.980712,8197.314453
0.976643,7208.018555
0.972573,6891.020996
0.968504,6581.264160
0.964435,5798.104004
0.960365,4884.352539
0.956296,4197.220703
0.952226,3647.515137
0.948156,3190.441406
0.944087,2749.192383
0.940018,2516.810303
0.935948,2329.705078
0.931879,2245.844482
0.927810,1985.219116
0.923740,1568.773926
0.919671,1429.951782
0.915602,1386.551514
0.911532,1292.715454
0.907463,1038.134399
0.903394,767.029541
0.899324,249.861023
0.895255,-212.466400
0.891186,-334.686005
0.887116,-432.493011
0.883047,-611.569580
0.878978,-669.771179
0.874908,-883.891113
0.870839,-1008.669434
0.866769,-1193.233154
0.862700,-1358.974487
0.858630,-1546.485107
0.854561,-1755.722656
0.850492,-1952.985107
0.846422,-2098.640869
0.842353,-2273.981445
0.838284,-2385.993652
0.834214,-2490.323242
0.830145,-2702.462891
0.826076,-2846.298340
0.822006,-2943.953613
0.817937,-3030.009766
0.813868,-3074.824219
0.809798,-3691.203369
0.805729,-4342.187500
0.801660,-4178.062500
0.797590,-3974.874023
0.793521,-3925.406738
0.789452,-3862.439941
0.785382,-3829.658936
0.781312,-3757.263184
0.777243,-3726.705322
0.773173,-3771.813477
0.769104,-4040.693115
0.765035,-4201.708496
0.760965,-4292.541992
0.756896,-4284.172363
0.752827,-4291.482910
0.748757,-4235.067383
0.744688,-4209.215820
0.740619,-4253.472168
0.736549,-4153.126465
0.732480,-4091.600830
0.728411,-4098.317871
0.724341,-4102.286621
0.720272,-4004.589844
0.716203,-4057.653564
0.712133,-3984.555664
0.708064,-3915.921631
0.703995,-3903.166504
0.699925,-3897.721680
0.695855,-3943.866455
0.691786,-3907.907715
0.687716,-3872.103516
0.683647,-3815.575195
0.679578,-3821.848389
0.675508,-3816.601074
0.671439,-3906.914063
0.667370,-3915.712646
0.663301,-3994.775146
0.659231,-3999.371582
0.655162,-3977.651611
0.651093,-3915.582520
0.647023,-3716.574463
0.642954,-3526.361816
0.638885,-3608.576660
0.634815,-3624.952637
0.630746,-3618.229980
0.626677,-3598.526855
0.622607,-3624.346436
0.618538,-3565.719238
0.614469,-3507.300049
0.610398,-3456.031006
0.606329,-3308.863037
0.602260,-3124.624023
0.598190,-3370.236328
0.594121,-4092.387695
0.590052,-4491.549805
0.585982,-4536.265625
0.581913,-4542.216309
0.577844,-4569.126465
0.573774,-4376.387207
0.569705,-4261.387207
0.565636,-4037.019531
0.561566,-3873.886230
0.557497,-3774.710449
0.553428,-3593.093262
0.549358,-3532.601074
0.545289,-3536.107422
0.541220,-3746.154297
0.537150,-4089.029297
0.533081,-4136.189453
0.529012,-3703.741211
0.524941,-3521.386963
0.520872,-3569.460938
0.516803,-3637.992432
0.512733,-3676.304443
0.508664,-3643.151855
0.504595,-3598.613525
0.500525,-3715.214600
0.496456,-3803.944580
0.492387,-3790.076172
0.488317,-3831.765381
0.484248,-3820.570068
0.480179,-3870.361816
0.476110,-3872.394775
0.472040,-3862.440918
0.467971,-3801.613037
0.463902,-3793.400146
0.459832,-3769.874512
0.455763,-3642.911621
0.451694,-3630.495117
0.447624,-3595.010742
0.443555,-3624.383057
0.439485,-3523.025635
0.435415,-3503.265381
0.431346,-3536.320557
0.427277,-3416.183594
0.423207,-3328.898193
0.419138,-3296.421143
0.415069,-3183.303223
0.410999,-3128.090820
0.406930,-3139.724609
0.402861,-3050.958008
0.398791,-2963.103516
0.394722,-2923.821045
0.390653,-2778.990723
0.386583,-2688.626221
0.382514,-2372.354492
0.378445,-2100.751221
0.374375,-2045.832275
0.370306,-1386.791626
0.366237,-3186.525146
0.362167,-4292.435059
0.358098,-3678.539795
0.354028,-1917.223999
0.349958,-1252.470703
0.345889,-1610.552246
0.341820,-2029.773682
0.337750,-2491.177002
0.333681,-2808.019287
0.329612,-3058.655273
0.325542,-3197.254883
0.321473,-3205.679443
0.317404,-3309.928955
0.313334,-3359.267090
0.309265,-3357.685303
0.305196,-3396.991455
0.301126,-3395.113525
0.297057,-3459.794678
0.292988,-3474.672852
0.288918,-3417.598877
0.284849,-3363.490967
0.280780,-3427.965088
0.276711,-3386.861572
0.272640,-3359.509277
0.268571,-3310.852539
0.264502,-3285.675049
0.260432,-3284.921875
0.256363,-3318.125000
0.252294,-3283.853760
0.248224,-3293.146240
0.244155,-3271.989746
0.240086,-3286.814941
0.236016,-3275.511963
0.231947,-3261.510010
0.227878,-3282.305908
0.223808,-3232.851807
0.219739,-3264.458252
0.215670,-3224.999268
0.211600,-3229.198242
0.207531,-3231.168701
0.203462,-3182.499756
0.199392,-3167.243652
0.195323,-3169.441895
0.191254,-3208.658447
0.187183,-3288.653076
0.183114,-3307.302002
0.179045,-3197.818604
0.174975,-2955.086914
0.170906,-2997.733643
0.166837,-3166.650146
0.162767,-3358.641602
0.158698,-3471.560059
0.154629,-3559.163330
0.150559,-3627.392822
0.146490,-3770.259521
0.142421,-3750.828857
0.138351,-3728.637451
0.134282,-3592.261230
0.130213,-3450.977539
0.126143,-3251.972900
0.122074,-3188.775146
0.118005,-3354.503662
0.113935,-3452.424316
0.109866,-3540.531982
0.105797,-3651.876465
0.101727,-3836.134766
0.097657,-3835.460938
0.093588,-3871.450684
0.089519,-3836.317383
0.085449,-3773.872314
0.081380,-3780.433594
0.077311,-3864.764404
0.073241,-3789.348877
0.069172,-3818.750244
0.065103,-3828.605713
0.061033,-3852.165283
0.056964,-3889.525879
0.052895,-3847.313721
0.048825,-3681.336670
0.044756,-3797.805420
0.040687,-3736.255371
0.036617,-3730.709717
0.032548,-3741.319580
0.028479,-3665.416992
0.024409,-3558.157959
0.020340,-3542.043945
0.016270,-3679.275879
0.012200,-3850.745117
0.008131,-3954.255127
0.004062,-3978.984619
-0.000008,-4002.656982
-0.004077,-3970.029785
-0.008146,-3982.358887
-0.012216,-3928.218994
-0.016285,-3891.568848
-0.020354,-3849.254883
-0.024424,-3824.097656
-0.028493,-3730.720459
-0.032562,-3730.177002
-0.036632,-3673.587891
-0.040701,-3324.099609
-0.044770,-2608.184082
-0.048840,-1889.112671
-0.052909,-1952.880859
-0.056978,-2401.619629
-0.061048,-2698.131348
-0.065117,-3039.511475
-0.069187,-3245.455811
-0.073256,-3514.286133
-0.077326,-3684.827148
-0.081395,-3743.729492
-0.085464,-3777.340820
-0.089534,-3698.078857
-0.093603,-3679.085205
-0.097672,-3539.906494
-0.101742,-3479.705322
-0.105811,-3517.162354
-0.109880,-3588.368164
-0.113950,-3701.909180
-0.118019,-3722.103516
-0.122088,-3783.337402
-0.126158,-3767.436768
-0.130227,-3814.346436
-0.134296,-3838.784424
-0.138366,-3797.653809
-0.142435,-3814.053223
-0.146504,-3839.425537
-0.150574,-3804.301758
-0.154644,-3821.108154
-0.158713,-3809.850830
-0.162783,-3816.155029
-0.166852,-3819.033203
-0.170921,-3825.070068
-0.174991,-3833.014160
-0.179060,-3841.413330
-0.183129,-3801.700684
-0.187199,-3829.737793
-0.191268,-3845.647705
-0.195337,-3842.782715
-0.199407,-3854.690186
-0.203476,-3793.470459
-0.207545,-3810.204102
-0.211615,-3735.077148
-0.215684,-3801.986084
-0.219753,-3765.192383
-0.223823,-3745.782227
-0.227892,-3738.744873
-0.231961,-3769.074707
-0.236031,-3674.055420
-0.240101,-3692.579590
-0.244170,-3634.935303
-0.248240,-3627.982422
-0.252309,-3671.596191
-0.256378,-3707.101318
-0.260448,-3668.495361
-0.264517,-3572.889404
-0.268586,-3390.927979
-0.272655,-2963.056885
-0.276725,-2735.258789
-0.280794,-2740.625732
-0.284863,-2983.774414
-0.288933,-3558.659912
-0.293002,-3746.407959
-0.297071,-3662.959229
-0.301141,-3829.638672
-0.305210,-3819.571533
-0.309279,-3691.680176
-0.313349,-3723.692627
-0.317418,-3778.845459
-0.321487,-3741.542236
-0.325558,-3737.705566
-0.329627,-3771.385498
-0.333696,-3768.274170
-0.337766,-3724.622559
-0.341835,-3796.339600
-0.345904,-3719.394531
-0.349974,-3760.130859
-0.354043,-3765.392578
-0.358112,-3781.293945
-0.362182,-3803.864014
-0.366251,-3792.116699
-0.370320,-3725.559082
-0.374390,-3758.986572
-0.378459,-3858.082275
-0.382528,-3848.456055
-0.386598,-3768.489990
-0.390667,-3803.019287
-0.394736,-3793.403809
-0.398806,-3776.989258
-0.402875,-3816.087402
-0.406944,-3773.728027
-0.411015,-3768.048584
-0.415084,-3767.844482
-0.419153,-3791.163086
-0.423223,-3784.569336
-0.427292,-3819.374512
-0.431361,-3741.885742
-0.435431,-3750.533447
-0.439500,-3754.790771
-0.443569,-3787.657715
-0.447639,-3767.311768
-0.451708,-3727.443115
-0.455777,-3829.981445
-0.459846,-3805.115967
-0.463916,-3796.961670
-0.467985,-3842.107910
-0.472054,-3806.723633
-0.476124,-3772.041016
-0.480193,-3824.593994
-0.484262,-3781.154785
-0.488332,-3799.881836
-0.492402,-3777.902588
-0.496471,-3829.932373
-0.500541,-3843.496582
-0.504610,-3832.489990
-0.508679,-3819.328369
-0.512749,-3873.623535
-0.516818,-3861.825928
-0.520887,-3836.930420
-0.524957,-3906.499756
-0.529026,-3873.778320
-0.533095,-3847.213379
-0.537165,-3845.177246
-0.541234,-3816.705566
-0.545303,-3872.187012
-0.549373,-3836.568604
-0.553442,-3857.613037
-0.557511,-3809.284912
-0.561581,-3789.843994
-0.565650,-3837.156738
-0.569719,-3831.586914
-0.573789,-3850.780518
-0.577859,-3837.281250
-0.581928,-3816.181885
-0.585998,-3819.756104
-0.590067,-3860.345703
-0.594136,-3822.370117
-0.598206,-3815.445068
-0.602275,-3816.472900
-0.606344,-3817.403076
-0.610414,-3823.020508
-0.614483,-3825.507813
-0.618552,-3830.423096
-0.622622,-3782.485352
-0.626691,-3766.116943
-0.630760,-3753.291016
-0.634830,-3807.079590
-0.638899,-3826.276367
-0.642968,-3784.199951
-0.647038,-3843.552002
-0.651107,-3793.930420
-0.655176,-3809.302002
-0.659245,-3779.181885
-0.663316,-3866.025146
-0.667385,-3859.892334
-0.671454,-3821.103760
-0.675524,-3763.543213
-0.679593,-3697.433350
-0.683662,-3720.077881
-0.687732,-3774.154297
-0.691801,-3726.509766
-0.695870,-3806.804443
-0.699940,-3790.936035
-0.704009,-3813.246094
-0.708078,-3790.713379
-0.712148,-3808.815918
-0.716217,-3793.826416
-0.720286,-3797.562012
-0.724356,-3775.746338
-0.728425,-3797.797363
-0.732494,-3754.075928
-0.736564,-3744.641113
-0.740633,-3812.498535
-0.744702,-3771.804443
-0.748773,-3778.831787
-0.752842,-3836.463379
-0.756911,-3797.171387
-0.760981,-3767.786133
-0.765050,-3796.871582
-0.769119,-3787.096191
-0.773189,-3850.319580
-0.777258,-3734.967773
-0.781327,-3792.628906
-0.785397,-3784.871582
-0.789466,-3780.858643
-0.793535,-3793.182861
-0.797605,-3809.322266
-0.801674,-3743.189453
-0.805743,-3766.279297
-0.809813,-3793.849609
-0.813882,-3776.432129
-0.817951,-3734.207275
-0.822021,-3790.110352
-0.826090,-3802.169189
-0.830159,-3828.952148
-0.834229,-3788.300293
-0.838299,-3759.132080
-0.842368,-3781.170654
-0.846437,-3732.157959
-0.850507,-3862.335449
-0.854576,-3776.426270
-0.858645,-3771.940918
-0.862715,-3757.713623
-0.866784,-3757.293945
-0.870853,-3748.363037
-0.874923,-3759.384521
-0.878992,-3802.893311
-0.883061,-3770.266846
-0.887131,-3770.255859
-0.891200,-3790.088135
-0.895269,-3734.618896
-0.899339,-3764.652100
-0.903408,-3717.202637
-0.907477,-3710.330811
-0.911547,-3720.584229
-0.915616,-3754.348877
-0.919686,-3752.363770
-0.923756,-3738.599854
-0.927825,-3698.672852
-0.931894,-3771.830811
-0.935964,-3743.106445
-0.940033,-3730.052002
-0.944102,-3707.703125
-0.948172,-3716.213379
-0.952241,-3797.122314
-0.956310,-3761.715576
-0.960380,-3687.281982
-0.964449,-3792.139160
-0.968518,-3731.338379
-0.972588,-3719.551270
-0.976657,-3722.681885
-0.980726,-3721.506836
-0.984796,-3723.869141
-0.988865,-3736.987061
-0.992934,-3763.797119
-0.997004,-3776.375244
-1.001073,-3763.088867
-1.005143,-3767.557861
-1.009212,-3784.465332
-1.013282,-3802.750732
-1.017351,-3778.128174
-1.021420,-3709.445557
-1.025490,-3737.865723
-1.029559,-3752.639893
-1.033628,-3740.188965
-1.037698,-3744.992432
-1.041767,-3778.918945
-1.045836,-3722.090576
-1.049906,-3764.924805
-1.053975,-3751.635742
-1.058044,-3751.666504
-1.062114,-3681.032471
-1.066183,-3678.824219
-1.070252,-3541.961426
-1.074322,-3537.450684
-1.078391,-3525.252197
-1.082460,-3603.050049
-1.086530,-3568.345215
-1.090600,-3607.247314
-1.094669,-3669.785889
-1.098739,-3709.011963
-1.102808,-3756.424561
-1.106877,-3754.320801
-1.110947,-3786.883301
-1.115016,-3829.225098
-1.119085,-3743.673584
-1.123155,-3768.379883
-1.127224,-3813.700684
-1.131293,-3734.037109
-1.135363,-3817.600342
-1.139432,-3805.868896
-1.143501,-3812.021973
-1.147571,-3799.310303
-1.151640,-3814.315186
-1.155709,-3780.252930
-1.159779,-3804.644287
-1.163848,-3769.823975
-1.167917,-3765.961670
-1.171987,-3777.563477
-1.176057,-3754.760254
-1.180126,-3811.982910
-1.184196,-3854.198242
-1.188265,-3795.578857
-1.192334,-3725.081787
-1.196404,-3796.827637
-1.200473,-3809.277832
-1.204542,-3762.495605
-1.208611,-3738.795654
-1.212681,-3785.769531
-1.216750,-3758.289307
-1.220819,-3788.860840
-1.224889,-3763.863037
-1.228958,-3772.567627
-1.233027,-3764.423584
-1.237097,-3767.589600
-1.241166,-3813.379395
-1.245235,-3760.905273
-1.249305,-3818.276855
-1.253374,-3817.954346
-1.257443,-3870.809082
-1.261514,-3748.375977
-1.265583,-3792.863770
-1.269652,-3790.781494
-1.273722,-3781.601074
-1.277791,-3779.212402
-1.281860,-3739.529053
-1.285930,-3695.939941
-1.289999,-3753.721924
-1.294068,-3777.383301
-1.298138,-3775.173096
-1.302207,-3748.185303
-1.306276,-3793.587646
-1.310346,-3807.906738
-1.314415,-3774.288574
-1.318484,-3823.923584
-1.322554,-3811.705078
-1.326623,-3776.973877
-1.330692,-3798.881592
-1.334762,-3806.186279
-1.338831,-3739.331055
-1.342901,-3789.620117
-1.346971,-3783.089355
-1.351040,-3758.937744
-1.355109,-3754.635986
-1.359179,-3769.509033
-1.363248,-3784.249512
-1.367317,-3817.421631
-1.371387,-3776.117432
-1.375456,-3803.146240
-1.379525,-3828.487549
-1.383595,-3783.038818
-1.387664,-3787.275635
-1.391733,-3823.997314
-1.395802,-3725.113037
-1.399872,-3814.776611
-1.403941,-3783.436768
-1.408010,-3724.773926
-1.412080,-3805.784912
-1.416149,-3834.176514
-1.420218,-3717.884277
-1.424288,-3736.412598
-1.428358,-3794.868896
-1.432427,-3736.943115
-1.436497,-3817.239502
-1.440566,-3764.073975
-1.444635,-3803.128174
-1.448705,-3756.489990
-1.452774,-3734.848145
-1.456843,-3804.386963
-1.460913,-3761.696777
-1.464982,-3814.534912
-1.469051,-3748.916504
-1.473121,-3686.525391
-1.477190,-3731.313965
-1.481259,-3718.239014
-1.485329,-3739.509766
-1.489398,-3744.752441
-1.493467,-3764.357910
-1.497537,-3751.168945
-1.501606,-3746.530273
-1.505675,-3763.497803
-1.509745,-3770.288818
-1.513815,-3739.063232
-1.517884,-3742.136475
-1.521954,-3758.470947
-1.526023,-3735.477539
-1.530092,-3716.798340
-1.534162,-3753.690918
-1.538231,-3712.513916
-1.542300,-3774.181885
-1.546370,-3751.691650
-1.550439,-3765.127441
-1.554508,-3713.310791
-1.558578,-3750.486328
-1.562647,-3705.300781
-1.566716,-3732.620117
-1.570786,-3752.950928
-1.574855,-3732.433105
-1.578924,-3735.558105
-1.582994,-3721.332275
-1.587063,-3726.246582
-1.591132,-3696.327881
-1.595201,-3709.832275
-1.599272,-3775.281982
-1.603341,-3722.434326
-1.607410,-3744.819336
-1.611480,-3745.308350
-1.615549,-3783.888672
-1.619618,-3759.757813
-1.623688,-3730.860596
-1.627757,-3741.479248
-1.631826,-3751.983398
-1.635896,-3725.099365
-1.639965,-3765.481689
-1.644034,-3759.886719
-1.648104,-3813.047852
-1.652173,-3865.663330
-1.656242,-4007.629639
-1.660312,-3834.366455
-1.664381,-3842.946777
-1.668450,-3820.989746
-1.672520,-3728.531494
-1.676589,-3745.712158
-1.680658,-3768.430420
-1.684729,-3735.228516
-1.688798,-3753.467529
-1.692867,-3763.660400
-1.696937,-3753.936768
-1.701006,-3769.665283
-1.705075,-3767.654053
-1.709145,-3743.633057
-1.713214,-3750.875000
-1.717283,-3738.250000
-1.721353,-3696.318359
-1.725422,-3748.083008
-1.729491,-3720.251709
-1.733561,-3726.416016
-1.737630,-3702.195313
-1.741699,-3709.691406
-1.745769,-3707.862793
-1.749838,-3775.666260
-1.753907,-3720.216553
-1.757977,-3712.494873
-1.762046,-3713.465820
-1.766115,-3723.340820
-1.770185,-3732.056396
-1.774255,-3696.964355
-1.778324,-3727.469971
-1.782393,-3745.869873
-1.786463,-3750.192871
-1.790532,-3740.933105
-1.794601,-3721.571289
-1.798671,-3708.571289
-1.802740,-3750.217285
-1.806809,-3715.811523
-1.810879,-3700.471436
-1.814948,-3776.578857
-1.819017,-3747.108887
-1.823087,-3752.638916
-1.827156,-3727.436523
-1.831225,-3734.483398
-1.835295,-3761.941406
-1.839364,-3719.032959
-1.843433,-3699.691162
-1.847503,-3757.553223
-1.851572,-3783.999756
-1.855642,-3774.684082
-1.859712,-3722.814453
-1.863781,-3757.000732
-1.867850,-3688.646729
-1.871920,-3770.443115
-1.875989,-3720.485352
-1.880058,-3702.431396
-1.884128,-3708.002930
-1.888197,-3756.735596
-1.892266,-3715.642334
-1.896336,-3704.469482
-1.900405,-3771.548340
-1.904474,-3753.545410
-1.908544,-3778.581787
-1.912614,-3731.948486
-1.916682,-3726.841064
-1.920753,-3691.540771
-1.924821,-3723.480713
-1.928891,-3713.269287
-1.932960,-3686.109375
-1.937030,-3731.977783
-1.941098,-3689.871826
-1.945168,-3755.085938
-1.949237,-3765.728271
-1.953307,-3734.453613
-1.957376,-3754.830078
-1.961446,-3701.277344
-1.965514,-3736.444824
-1.969584,-3706.019775
-1.973653,-3735.023438
-1.977723,-3737.613037
-1.981793,-3654.709961
-1.985862,-3745.952148
-1.989932,-3710.833740
-1.994000,-3720.753906
-1.998071,-3649.261963
-2.002139,-3699.566895
-2.006209,-3682.327393
-2.010278,-3675.219727
-2.014348,-3706.608398
-2.018416,-3708.262451
-2.022487,-3690.269775
-2.026555,-3709.562500
-2.030625,-3653.319336
-2.034694,-3665.732910
-2.038764,-3676.985352
-2.042832,-3712.370361
-2.046903,-3653.322998
-2.050971,-3732.002686
-2.055041,-3659.757813
-2.059110,-3713.735352
-2.063180,-3711.956299
-2.067250,-3699.524170
-2.071319,-3703.187988
-2.075389,-3660.550049
-2.079457,-3699.135986
-2.083528,-3659.094238
-2.087596,-3627.973633
-2.091666,-3666.728516
-2.095735,-3691.230225
-2.099805,-3722.041016
-2.103873,-3699.086914
-2.107944,-3698.163330
-2.112012,-3732.990234
-2.116082,-3731.922119
-2.120151,-3646.302979
-2.124221,-3725.610107
-2.128289,-3751.768066
-2.132360,-3753.742432
-2.136428,-3715.529785
-2.140498,-3683.558350
-2.144567,-3627.671875
-2.148637,-3692.462158
-2.152707,-3694.062012
-2.156775,-3697.044678
-2.160846,-3696.634521
-2.164914,-3686.311523
-2.168984,-3682.764893
-2.173053,-3708.919434
-2.177123,-3695.661377
-2.181191,-3691.024414
-2.185262,-3736.060303
-2.189330,-3679.824707
-2.193400,-3667.078857
-2.197469,-3711.789551
-2.201539,-3684.926270
-2.205607,-3664.885986
-2.209678,-3667.366943
-2.213746,-3667.490967
-2.217816,-3651.336914
-2.221885,-3650.986084
-2.225955,-3582.501953
-2.230023,-3641.822510
-2.234094,-3650.592285
-2.238164,-3633.049072
-2.242232,-3653.174316
-2.246303,-3662.131104
-2.250371,-3644.865234
-2.254441,-3709.190430
-2.258510,-3723.425537
-2.262580,-3694.159668
-2.266648,-3659.398682
-2.270719,-3678.310547
-2.274787,-3737.538818
-2.278857,-3693.075928
-2.282926,-3667.083496
-2.286996,-3715.573486
-2.291064,-3700.891602
-2.295135,-3715.355713
-2.299203,-3662.390869
-2.303273,-3654.163086
-2.307342,-3714.565918
-2.311412,-3675.136475
-2.315480,-3710.676514
-2.319551,-3649.302979
-2.323621,-3690.888428
-2.327689,-3680.882813
-2.331759,-3660.056396
-2.335828,-3705.610352
-2.339898,-3689.976807
-2.343966,-3642.113281
-2.348037,-3668.950928
-2.352105,-3669.857178
-2.356175,-3732.240479
-2.360244,-3697.208740
-2.364314,-3737.367676
-2.368382,-3749.061523
-2.372453,-3727.608887
-2.376521,-3622.185547
-2.380591,-3618.795166
-2.384660,-3647.060059
-2.388730,-3625.590820
-2.392798,-3578.368652
-2.396869,-3546.991699
-2.400937,-3580.333984
-2.405007,-3529.508057
-2.409078,-3601.793945
-2.413146,-3582.031494
-2.417216,-3600.541016
-2.421285,-3676.313721
-2.425355,-3684.858887
-2.429423,-3658.837891
-2.433494,-3739.976318
-2.437562,-3714.947021
-2.441632,-3690.140137
-2.445701,-3648.937500
-2.449771,-3745.462891
-2.453839,-3682.460449
-2.457910,-3717.002441
-2.461978,-3663.676514
-2.466048,-3684.316650
-2.470117,-3689.335449
-2.474187,-3686.998291
-2.478255,-3708.575439
-2.482326,-3723.096436
-2.486394,-3655.675537
-2.490464,-3747.200195
-2.494534,-3666.181885
-2.498603,-3654.098633
-2.502673,-3702.701416
-2.506742,-3695.827393
-2.510812,-3751.817383
-2.514880,-3692.223389
-2.518950,-3673.271484
-2.523019,-3701.295410
-2.527089,-3683.159424
-2.531157,-3705.364746
-2.535228,-3688.379395
-2.539296,-3666.958984
-2.543366,-3651.364258
-2.547435,-3648.558594
-2.551505,-3693.286133
-2.555573,-3693.208740
-2.559644,-3726.038330
-2.563712,-3686.968994
-2.567782,-3714.340332
-2.571851,-3626.103760
